SIRT	unp	seqres	sdp_score
1	Q96EB6	1	0.008696
1	Q96EB6	2	0.064761
1	Q96EB6	3	-9
1	Q96EB6	4	-9
1	Q96EB6	5	-9
1	Q96EB6	6	-9
1	Q96EB6	7	-9
1	Q96EB6	8	-9
1	Q96EB6	9	-9
1	Q96EB6	10	-9
1	Q96EB6	11	-9
1	Q96EB6	12	-9
1	Q96EB6	13	-9
1	Q96EB6	14	-9
1	Q96EB6	15	-9
1	Q96EB6	16	-9
1	Q96EB6	17	-9
1	Q96EB6	18	-9
1	Q96EB6	19	-9
1	Q96EB6	20	-9
1	Q96EB6	21	-9
1	Q96EB6	22	-9
1	Q96EB6	23	-9
1	Q96EB6	24	-9
1	Q96EB6	25	-9
1	Q96EB6	26	-9
1	Q96EB6	27	-9
1	Q96EB6	28	-9
1	Q96EB6	29	-9
1	Q96EB6	30	-9
1	Q96EB6	31	-9
1	Q96EB6	32	-9
1	Q96EB6	33	-9
1	Q96EB6	34	-9
1	Q96EB6	35	-9
1	Q96EB6	36	-9
1	Q96EB6	37	-9
1	Q96EB6	38	-9
1	Q96EB6	39	-9
1	Q96EB6	40	-9
1	Q96EB6	41	-9
1	Q96EB6	42	-9
1	Q96EB6	43	-9
1	Q96EB6	44	-9
1	Q96EB6	45	-9
1	Q96EB6	46	-9
1	Q96EB6	47	-9
1	Q96EB6	48	-9
1	Q96EB6	49	-9
1	Q96EB6	50	-9
1	Q96EB6	51	-9
1	Q96EB6	52	-9
1	Q96EB6	53	-9
1	Q96EB6	54	-9
1	Q96EB6	55	-9
1	Q96EB6	56	-9
1	Q96EB6	57	-9
1	Q96EB6	58	-9
1	Q96EB6	59	-9
1	Q96EB6	60	-9
1	Q96EB6	61	-9
1	Q96EB6	62	-9
1	Q96EB6	63	-9
1	Q96EB6	64	-9
1	Q96EB6	65	-9
1	Q96EB6	66	-9
1	Q96EB6	67	-9
1	Q96EB6	68	-9
1	Q96EB6	69	-9
1	Q96EB6	70	-9
1	Q96EB6	71	-9
1	Q96EB6	72	-9
1	Q96EB6	73	-9
1	Q96EB6	74	-9
1	Q96EB6	75	-9
1	Q96EB6	76	-9
1	Q96EB6	77	-9
1	Q96EB6	78	-9
1	Q96EB6	79	-9
1	Q96EB6	80	-9
1	Q96EB6	81	-9
1	Q96EB6	82	-9
1	Q96EB6	83	-9
1	Q96EB6	84	-9
1	Q96EB6	85	-9
1	Q96EB6	86	-9
1	Q96EB6	87	-9
1	Q96EB6	88	-9
1	Q96EB6	89	-9
1	Q96EB6	90	-9
1	Q96EB6	91	-9
1	Q96EB6	92	-9
1	Q96EB6	93	-9
1	Q96EB6	94	-9
1	Q96EB6	95	-9
1	Q96EB6	96	-9
1	Q96EB6	97	-9
1	Q96EB6	98	-9
1	Q96EB6	99	-9
1	Q96EB6	100	-9
1	Q96EB6	101	-9
1	Q96EB6	102	-9
1	Q96EB6	103	-9
1	Q96EB6	104	-9
1	Q96EB6	105	-9
1	Q96EB6	106	-9
1	Q96EB6	107	-9
1	Q96EB6	108	-9
1	Q96EB6	109	-9
1	Q96EB6	110	-9
1	Q96EB6	111	-9
1	Q96EB6	112	-9
1	Q96EB6	113	-9
1	Q96EB6	114	-9
1	Q96EB6	115	-9
1	Q96EB6	116	-9
1	Q96EB6	117	-9
1	Q96EB6	118	-9
1	Q96EB6	119	-9
1	Q96EB6	120	-9
1	Q96EB6	121	-9
1	Q96EB6	122	-9
1	Q96EB6	123	-9
1	Q96EB6	124	-9
1	Q96EB6	125	-9
1	Q96EB6	126	-9
1	Q96EB6	127	-9
1	Q96EB6	128	-9
1	Q96EB6	129	-9
1	Q96EB6	130	-9
1	Q96EB6	131	-9
1	Q96EB6	132	-9
1	Q96EB6	133	-9
1	Q96EB6	134	-9
1	Q96EB6	135	-9
1	Q96EB6	136	-9
1	Q96EB6	137	-9
1	Q96EB6	138	-9
1	Q96EB6	139	-9
1	Q96EB6	140	-9
1	Q96EB6	141	-9
1	Q96EB6	142	-9
1	Q96EB6	143	-9
1	Q96EB6	144	-9
1	Q96EB6	145	-9
1	Q96EB6	146	-9
1	Q96EB6	147	-9
1	Q96EB6	148	-9
1	Q96EB6	149	-9
1	Q96EB6	150	-9
1	Q96EB6	151	-9
1	Q96EB6	152	-9
1	Q96EB6	153	-9
1	Q96EB6	154	-9
1	Q96EB6	155	-9
1	Q96EB6	156	-9
1	Q96EB6	157	-9
1	Q96EB6	158	-9
1	Q96EB6	159	-9
1	Q96EB6	160	-9
1	Q96EB6	161	-9
1	Q96EB6	162	-9
1	Q96EB6	163	-9
1	Q96EB6	164	-9
1	Q96EB6	165	-9
1	Q96EB6	166	-9
1	Q96EB6	167	-9
1	Q96EB6	168	-9
1	Q96EB6	169	-9
1	Q96EB6	170	-9
1	Q96EB6	171	-9
1	Q96EB6	172	-9
1	Q96EB6	173	-9
1	Q96EB6	174	-9
1	Q96EB6	175	-9
1	Q96EB6	176	-9
1	Q96EB6	177	-9
1	Q96EB6	178	-9
1	Q96EB6	179	-9
1	Q96EB6	180	-9
1	Q96EB6	181	-9
1	Q96EB6	182	-9
1	Q96EB6	183	-9
1	Q96EB6	184	-9
1	Q96EB6	185	-9
1	Q96EB6	186	-9
1	Q96EB6	187	-9
1	Q96EB6	188	-9
1	Q96EB6	189	-9
1	Q96EB6	190	-9
1	Q96EB6	191	-9
1	Q96EB6	192	-9
1	Q96EB6	193	-9
1	Q96EB6	194	-9
1	Q96EB6	195	-9
1	Q96EB6	196	-9
1	Q96EB6	197	-9
1	Q96EB6	198	-9
1	Q96EB6	199	-9
1	Q96EB6	200	-9
1	Q96EB6	201	-9
1	Q96EB6	202	-9
1	Q96EB6	203	-9
1	Q96EB6	204	-9
1	Q96EB6	205	-9
1	Q96EB6	206	-9
1	Q96EB6	207	-9
1	Q96EB6	208	-9
1	Q96EB6	209	-9
1	Q96EB6	210	-9
1	Q96EB6	211	-9
1	Q96EB6	212	-9
1	Q96EB6	213	-9
1	Q96EB6	214	-9
1	Q96EB6	215	-9
1	Q96EB6	216	-9
1	Q96EB6	217	-9
1	Q96EB6	218	-9
1	Q96EB6	219	-9
1	Q96EB6	220	-9
1	Q96EB6	221	-9
1	Q96EB6	222	-9
1	Q96EB6	223	-9
1	Q96EB6	224	-9
1	Q96EB6	225	-9
1	Q96EB6	226	-9
1	Q96EB6	227	-9
1	Q96EB6	228	-9
1	Q96EB6	229	-9
1	Q96EB6	230	-9
1	Q96EB6	231	-9
1	Q96EB6	232	0.156213
1	Q96EB6	233	0.177
1	Q96EB6	234	0.224997
1	Q96EB6	235	0.066086
1	Q96EB6	236	0.188504
1	Q96EB6	237	0.247134
1	Q96EB6	238	0.164023
1	Q96EB6	239	0.252198
1	Q96EB6	240	0.189322
1	Q96EB6	241	0.183202
1	Q96EB6	242	0.336511
1	Q96EB6	243	0.149761
1	Q96EB6	244	0.230574
1	Q96EB6	245	0.215853
1	Q96EB6	246	0.371445
1	Q96EB6	247	0.260383
1	Q96EB6	248	0.059342
1	Q96EB6	249	0.147417
1	Q96EB6	250	0.164846
1	Q96EB6	251	0.16876
1	Q96EB6	252	0.130035
1	Q96EB6	253	0.183238
1	Q96EB6	254	0.039859
1	Q96EB6	255	0.165993
1	Q96EB6	256	0.238504
1	Q96EB6	257	0.253907
1	Q96EB6	258	0.110368
1	Q96EB6	259	0.194609
1	Q96EB6	260	0.090116
1	Q96EB6	261	0
1	Q96EB6	262	0
1	Q96EB6	263	0
1	Q96EB6	264	0.132509
1	Q96EB6	265	0
1	Q96EB6	266	0.493077
1	Q96EB6	267	0.389726
1	Q96EB6	268	0.206791
1	Q96EB6	269	0.04577
1	Q96EB6	270	0.218753
1	Q96EB6	271	-0.00098
1	Q96EB6	272	0.462949
1	Q96EB6	273	0.389942
1	Q96EB6	274	0
1	Q96EB6	275	0.457597
1	Q96EB6	276	0.190362
1	Q96EB6	277	0.148583
1	Q96EB6	278	-0.001953
1	Q96EB6	279	0.267455
1	Q96EB6	280	0.588846
1	Q96EB6	281	-9
1	Q96EB6	282	-9
1	Q96EB6	283	0.21109
1	Q96EB6	284	0.273827
1	Q96EB6	285	0.242161
1	Q96EB6	286	-9
1	Q96EB6	287	0.201896
1	Q96EB6	288	0.256604
1	Q96EB6	289	0.129054
1	Q96EB6	290	0.329306
1	Q96EB6	291	0.422249
1	Q96EB6	292	0.385791
1	Q96EB6	293	0.340352
1	Q96EB6	294	0.09147
1	Q96EB6	295	0.25107
1	Q96EB6	296	-9
1	Q96EB6	297	-9
1	Q96EB6	298	-9
1	Q96EB6	299	-9
1	Q96EB6	300	-9
1	Q96EB6	301	-9
1	Q96EB6	302	-9
1	Q96EB6	303	-9
1	Q96EB6	304	-9
1	Q96EB6	305	-9
1	Q96EB6	306	-9
1	Q96EB6	307	-9
1	Q96EB6	308	-9
1	Q96EB6	309	-9
1	Q96EB6	310	-9
1	Q96EB6	311	-9
1	Q96EB6	312	-9
1	Q96EB6	313	-9
1	Q96EB6	314	-9
1	Q96EB6	315	-9
1	Q96EB6	316	-9
1	Q96EB6	317	-9
1	Q96EB6	318	-9
1	Q96EB6	319	-9
1	Q96EB6	320	-9
1	Q96EB6	321	-9
1	Q96EB6	322	-9
1	Q96EB6	323	0.018682
1	Q96EB6	324	0.408953
1	Q96EB6	325	0.100703
1	Q96EB6	326	0.30711
1	Q96EB6	327	0
1	Q96EB6	328	0.250335
1	Q96EB6	329	0.434489
1	Q96EB6	330	0.140366
1	Q96EB6	331	0.315155
1	Q96EB6	332	0.152627
1	Q96EB6	333	0.267974
1	Q96EB6	334	0.120786
1	Q96EB6	335	0.138758
1	Q96EB6	336	0.287117
1	Q96EB6	337	0.009
1	Q96EB6	338	0.132055
1	Q96EB6	339	0.215457
1	Q96EB6	340	0.346256
1	Q96EB6	341	0.396921
1	Q96EB6	342	0.225877
1	Q96EB6	343	0.303363
1	Q96EB6	344	0.325653
1	Q96EB6	345	0
1	Q96EB6	346	0
1	Q96EB6	347	0.374636
1	Q96EB6	348	0
1	Q96EB6	349	0.294496
1	Q96EB6	350	0
1	Q96EB6	351	0.396713
1	Q96EB6	352	0.15035
1	Q96EB6	353	0.181777
1	Q96EB6	354	0.35362
1	Q96EB6	355	-0.001637
1	Q96EB6	356	-9
1	Q96EB6	357	-9
1	Q96EB6	358	0.1812
1	Q96EB6	359	0.00294
1	Q96EB6	360	0.310713
1	Q96EB6	361	0.037229
1	Q96EB6	362	0.343215
1	Q96EB6	363	0
1	Q96EB6	364	0
1	Q96EB6	365	0.30519
1	Q96EB6	366	0.479735
1	Q96EB6	367	0.299231
1	Q96EB6	368	0.277106
1	Q96EB6	369	0.698097
1	Q96EB6	370	0.279574
1	Q96EB6	371	0
1	Q96EB6	372	0.177242
1	Q96EB6	373	0.020431
1	Q96EB6	374	0.002632
1	Q96EB6	375	0.15164
1	Q96EB6	376	0.080092
1	Q96EB6	377	0.280394
1	Q96EB6	378	0.247526
1	Q96EB6	379	-9
1	Q96EB6	380	-9
1	Q96EB6	381	-9
1	Q96EB6	382	-9
1	Q96EB6	383	-9
1	Q96EB6	384	-9
1	Q96EB6	385	-9
1	Q96EB6	386	-9
1	Q96EB6	387	-9
1	Q96EB6	388	-9
1	Q96EB6	389	-9
1	Q96EB6	390	-9
1	Q96EB6	391	-9
1	Q96EB6	392	0.275466
1	Q96EB6	393	0.378551
1	Q96EB6	394	0.154312
1	Q96EB6	395	0
1	Q96EB6	396	0.080983
1	Q96EB6	397	0.064348
1	Q96EB6	398	0
1	Q96EB6	399	-9
1	Q96EB6	400	-9
1	Q96EB6	401	-9
1	Q96EB6	402	-9
1	Q96EB6	403	-9
1	Q96EB6	404	-9
1	Q96EB6	405	-9
1	Q96EB6	406	0.179928
1	Q96EB6	407	0.200324
1	Q96EB6	408	0.392376
1	Q96EB6	409	0.478788
1	Q96EB6	410	0.322383
1	Q96EB6	411	0.243658
1	Q96EB6	412	0.386452
1	Q96EB6	413	0.58089
1	Q96EB6	414	0.491667
1	Q96EB6	415	0.356711
1	Q96EB6	416	0.271488
1	Q96EB6	417	0.088021
1	Q96EB6	418	0.182552
1	Q96EB6	419	0.205464
1	Q96EB6	420	0.08679
1	Q96EB6	421	0.130358
1	Q96EB6	422	0.313553
1	Q96EB6	423	0.333231
1	Q96EB6	424	0.063536
1	Q96EB6	425	0.193451
1	Q96EB6	426	0.196131
1	Q96EB6	427	0.138935
1	Q96EB6	428	0.042369
1	Q96EB6	429	0.370682
1	Q96EB6	430	0.358814
1	Q96EB6	431	0.085676
1	Q96EB6	432	0.075338
1	Q96EB6	433	0.246423
1	Q96EB6	434	0.038509
1	Q96EB6	435	0.260676
1	Q96EB6	436	0.279802
1	Q96EB6	437	0.106858
1	Q96EB6	438	0.23942
1	Q96EB6	439	0.409116
1	Q96EB6	440	0
1	Q96EB6	441	0.090074
1	Q96EB6	442	0
1	Q96EB6	443	0.384299
1	Q96EB6	444	0.211477
1	Q96EB6	445	0.20101
1	Q96EB6	446	0.266334
1	Q96EB6	447	0.470676
1	Q96EB6	448	0.32723
1	Q96EB6	449	0.333986
1	Q96EB6	450	0.392132
1	Q96EB6	451	0.2018
1	Q96EB6	452	0.361882
1	Q96EB6	453	0.256485
1	Q96EB6	454	0.135269
1	Q96EB6	455	0.293359
1	Q96EB6	456	0.226519
1	Q96EB6	457	-9
1	Q96EB6	458	0.178092
1	Q96EB6	459	0.178705
1	Q96EB6	460	-9
1	Q96EB6	461	0.320971
1	Q96EB6	462	0.197161
1	Q96EB6	463	0.603818
1	Q96EB6	464	0.469912
1	Q96EB6	465	-0.000583
1	Q96EB6	466	0.390886
1	Q96EB6	467	0.650722
1	Q96EB6	468	0.100197
1	Q96EB6	469	0.199081
1	Q96EB6	470	0.398586
1	Q96EB6	471	0.263229
1	Q96EB6	472	0.408794
1	Q96EB6	473	0.082743
1	Q96EB6	474	0.215266
1	Q96EB6	475	0.232477
1	Q96EB6	476	0.331167
1	Q96EB6	477	0.295863
1	Q96EB6	478	0.343061
1	Q96EB6	479	0.435594
1	Q96EB6	480	0.204933
1	Q96EB6	481	0.25612
1	Q96EB6	482	0.148369
1	Q96EB6	483	0.351351
1	Q96EB6	484	0.109951
1	Q96EB6	485	0.271229
1	Q96EB6	486	0.243706
1	Q96EB6	487	0.225455
1	Q96EB6	488	0.0582
1	Q96EB6	489	0.264075
1	Q96EB6	490	0.354529
1	Q96EB6	491	0.108064
1	Q96EB6	492	0.097498
1	Q96EB6	493	0.248596
1	Q96EB6	494	0.281835
1	Q96EB6	495	-9
1	Q96EB6	496	-9
1	Q96EB6	497	-9
1	Q96EB6	498	-9
1	Q96EB6	499	-9
1	Q96EB6	500	-9
1	Q96EB6	501	-9
1	Q96EB6	502	-9
1	Q96EB6	503	-9
1	Q96EB6	504	-9
1	Q96EB6	505	-9
1	Q96EB6	506	-9
1	Q96EB6	507	-9
1	Q96EB6	508	-9
1	Q96EB6	509	-9
1	Q96EB6	510	-9
1	Q96EB6	511	-9
1	Q96EB6	512	-9
1	Q96EB6	513	-9
1	Q96EB6	514	-9
1	Q96EB6	515	-9
1	Q96EB6	516	-9
1	Q96EB6	517	-9
1	Q96EB6	518	-9
1	Q96EB6	519	-9
1	Q96EB6	520	-9
1	Q96EB6	521	-9
1	Q96EB6	522	-9
1	Q96EB6	523	-9
1	Q96EB6	524	-9
1	Q96EB6	525	-9
1	Q96EB6	526	-9
1	Q96EB6	527	-9
1	Q96EB6	528	-9
1	Q96EB6	529	-9
1	Q96EB6	530	-9
1	Q96EB6	531	-9
1	Q96EB6	532	-9
1	Q96EB6	533	-9
1	Q96EB6	534	-9
1	Q96EB6	535	-9
1	Q96EB6	536	-9
1	Q96EB6	537	-9
1	Q96EB6	538	-9
1	Q96EB6	539	-9
1	Q96EB6	540	-9
1	Q96EB6	541	-9
1	Q96EB6	542	-9
1	Q96EB6	543	-9
1	Q96EB6	544	-9
1	Q96EB6	545	-9
1	Q96EB6	546	-9
1	Q96EB6	547	-9
1	Q96EB6	548	-9
1	Q96EB6	549	-9
1	Q96EB6	550	-9
1	Q96EB6	551	-9
1	Q96EB6	552	-9
1	Q96EB6	553	-9
1	Q96EB6	554	-9
1	Q96EB6	555	-9
1	Q96EB6	556	-9
1	Q96EB6	557	-9
1	Q96EB6	558	-9
1	Q96EB6	559	-9
1	Q96EB6	560	-9
1	Q96EB6	561	-9
1	Q96EB6	562	-9
1	Q96EB6	563	-9
1	Q96EB6	564	-9
1	Q96EB6	565	-9
1	Q96EB6	566	-9
1	Q96EB6	567	-9
1	Q96EB6	568	-9
1	Q96EB6	569	-9
1	Q96EB6	570	-9
1	Q96EB6	571	-9
1	Q96EB6	572	-9
1	Q96EB6	573	-9
1	Q96EB6	574	-9
1	Q96EB6	575	-9
1	Q96EB6	576	-9
1	Q96EB6	577	-9
1	Q96EB6	578	-9
1	Q96EB6	579	-9
1	Q96EB6	580	-9
1	Q96EB6	581	-9
1	Q96EB6	582	-9
1	Q96EB6	583	-9
1	Q96EB6	584	-9
1	Q96EB6	585	-9
1	Q96EB6	586	-9
1	Q96EB6	587	-9
1	Q96EB6	588	-9
1	Q96EB6	589	-9
1	Q96EB6	590	-9
1	Q96EB6	591	-9
1	Q96EB6	592	-9
1	Q96EB6	593	-9
1	Q96EB6	594	-9
1	Q96EB6	595	-9
1	Q96EB6	596	-9
1	Q96EB6	597	-9
1	Q96EB6	598	-9
1	Q96EB6	599	-9
1	Q96EB6	600	-9
1	Q96EB6	601	-9
1	Q96EB6	602	-9
1	Q96EB6	603	-9
1	Q96EB6	604	-9
1	Q96EB6	605	-9
1	Q96EB6	606	-9
1	Q96EB6	607	-9
1	Q96EB6	608	-9
1	Q96EB6	609	-9
1	Q96EB6	610	-9
1	Q96EB6	611	-9
1	Q96EB6	612	-9
1	Q96EB6	613	-9
1	Q96EB6	614	-9
1	Q96EB6	615	-9
1	Q96EB6	616	-9
1	Q96EB6	617	-9
1	Q96EB6	618	-9
1	Q96EB6	619	-9
1	Q96EB6	620	-9
1	Q96EB6	621	-9
1	Q96EB6	622	-9
1	Q96EB6	623	-9
1	Q96EB6	624	-9
1	Q96EB6	625	-9
1	Q96EB6	626	-9
1	Q96EB6	627	-9
1	Q96EB6	628	-9
1	Q96EB6	629	-9
1	Q96EB6	630	-9
1	Q96EB6	631	-9
1	Q96EB6	632	-9
1	Q96EB6	633	-9
1	Q96EB6	634	-9
1	Q96EB6	635	-9
1	Q96EB6	636	-9
1	Q96EB6	637	-9
1	Q96EB6	638	-9
1	Q96EB6	639	-9
1	Q96EB6	640	-9
1	Q96EB6	641	-9
1	Q96EB6	642	-9
1	Q96EB6	643	-9
1	Q96EB6	644	-9
1	Q96EB6	645	-9
1	Q96EB6	646	-9
1	Q96EB6	647	-9
1	Q96EB6	648	-9
1	Q96EB6	649	-9
1	Q96EB6	650	-9
1	Q96EB6	651	-9
1	Q96EB6	652	-9
1	Q96EB6	653	-9
1	Q96EB6	654	-9
1	Q96EB6	655	-9
1	Q96EB6	656	-9
1	Q96EB6	657	-9
1	Q96EB6	658	-9
1	Q96EB6	659	-9
1	Q96EB6	660	-9
1	Q96EB6	661	-9
1	Q96EB6	662	-9
1	Q96EB6	663	-9
1	Q96EB6	664	-9
1	Q96EB6	665	-9
1	Q96EB6	666	-9
1	Q96EB6	667	-9
1	Q96EB6	668	-9
1	Q96EB6	669	-9
1	Q96EB6	670	-9
1	Q96EB6	671	-9
1	Q96EB6	672	-9
1	Q96EB6	673	-9
1	Q96EB6	674	-9
1	Q96EB6	675	-9
1	Q96EB6	676	-9
1	Q96EB6	677	-9
1	Q96EB6	678	-9
1	Q96EB6	679	-9
1	Q96EB6	680	-9
1	Q96EB6	681	-9
1	Q96EB6	682	-9
1	Q96EB6	683	-9
1	Q96EB6	684	-9
1	Q96EB6	685	-9
1	Q96EB6	686	-9
1	Q96EB6	687	-9
1	Q96EB6	688	-9
1	Q96EB6	689	-9
1	Q96EB6	690	-9
1	Q96EB6	691	-9
1	Q96EB6	692	-9
1	Q96EB6	693	-9
1	Q96EB6	694	-9
1	Q96EB6	695	-9
1	Q96EB6	696	-9
1	Q96EB6	697	-9
1	Q96EB6	698	-9
1	Q96EB6	699	-9
1	Q96EB6	700	-9
1	Q96EB6	701	-9
1	Q96EB6	702	-9
1	Q96EB6	703	-9
1	Q96EB6	704	-9
1	Q96EB6	705	-9
1	Q96EB6	706	-9
1	Q96EB6	707	-9
1	Q96EB6	708	-9
1	Q96EB6	709	-9
1	Q96EB6	710	-9
1	Q96EB6	711	-9
1	Q96EB6	712	-9
1	Q96EB6	713	-9
1	Q96EB6	714	-9
1	Q96EB6	715	-9
1	Q96EB6	716	-9
1	Q96EB6	717	-9
1	Q96EB6	718	-9
1	Q96EB6	719	-9
1	Q96EB6	720	-9
1	Q96EB6	721	-9
1	Q96EB6	722	-9
1	Q96EB6	723	-9
1	Q96EB6	724	-9
1	Q96EB6	725	-9
1	Q96EB6	726	-9
1	Q96EB6	727	-9
1	Q96EB6	728	-9
1	Q96EB6	729	-9
1	Q96EB6	730	-9
1	Q96EB6	731	-9
1	Q96EB6	732	-9
1	Q96EB6	733	-9
1	Q96EB6	734	-9
1	Q96EB6	735	-9
1	Q96EB6	736	-9
1	Q96EB6	737	-9
1	Q96EB6	738	-9
1	Q96EB6	739	-9
1	Q96EB6	740	-9
1	Q96EB6	741	-9
1	Q96EB6	742	-9
1	Q96EB6	743	-9
1	Q96EB6	744	-9
1	Q96EB6	745	-9
1	Q96EB6	746	-9
1	Q96EB6	747	-9
2	Q8IXJ6	1	0.008696
2	Q8IXJ6	2	0.064761
2	Q8IXJ6	3	-9
2	Q8IXJ6	4	-9
2	Q8IXJ6	5	-9
2	Q8IXJ6	6	-9
2	Q8IXJ6	7	-9
2	Q8IXJ6	8	-9
2	Q8IXJ6	9	-9
2	Q8IXJ6	10	-9
2	Q8IXJ6	11	-9
2	Q8IXJ6	12	-9
2	Q8IXJ6	13	-9
2	Q8IXJ6	14	-9
2	Q8IXJ6	15	-9
2	Q8IXJ6	16	-9
2	Q8IXJ6	17	-9
2	Q8IXJ6	18	-9
2	Q8IXJ6	19	-9
2	Q8IXJ6	20	-9
2	Q8IXJ6	21	-9
2	Q8IXJ6	22	-9
2	Q8IXJ6	23	-9
2	Q8IXJ6	24	-9
2	Q8IXJ6	25	-9
2	Q8IXJ6	26	-9
2	Q8IXJ6	27	-9
2	Q8IXJ6	28	-9
2	Q8IXJ6	29	-9
2	Q8IXJ6	30	-9
2	Q8IXJ6	31	-9
2	Q8IXJ6	32	-9
2	Q8IXJ6	33	-9
2	Q8IXJ6	34	-9
2	Q8IXJ6	35	-9
2	Q8IXJ6	36	-9
2	Q8IXJ6	37	-9
2	Q8IXJ6	38	-9
2	Q8IXJ6	39	-9
2	Q8IXJ6	40	-9
2	Q8IXJ6	41	-9
2	Q8IXJ6	42	-9
2	Q8IXJ6	43	-9
2	Q8IXJ6	44	-9
2	Q8IXJ6	45	-9
2	Q8IXJ6	46	-9
2	Q8IXJ6	47	-9
2	Q8IXJ6	48	-9
2	Q8IXJ6	49	-9
2	Q8IXJ6	50	-9
2	Q8IXJ6	51	-9
2	Q8IXJ6	52	-9
2	Q8IXJ6	53	-9
2	Q8IXJ6	54	-9
2	Q8IXJ6	55	-9
2	Q8IXJ6	56	-9
2	Q8IXJ6	57	0.188504
2	Q8IXJ6	58	0.247134
2	Q8IXJ6	59	0.164023
2	Q8IXJ6	60	0.252198
2	Q8IXJ6	61	0.189322
2	Q8IXJ6	62	0.183202
2	Q8IXJ6	63	0.336511
2	Q8IXJ6	64	0.149761
2	Q8IXJ6	65	0.230574
2	Q8IXJ6	66	0.215853
2	Q8IXJ6	67	0.371445
2	Q8IXJ6	68	0.260383
2	Q8IXJ6	69	0.059342
2	Q8IXJ6	70	0.147417
2	Q8IXJ6	71	0.164846
2	Q8IXJ6	72	0.16876
2	Q8IXJ6	73	0.130035
2	Q8IXJ6	74	0.183238
2	Q8IXJ6	75	0.039859
2	Q8IXJ6	76	0.165993
2	Q8IXJ6	77	-9
2	Q8IXJ6	78	-9
2	Q8IXJ6	79	0.238504
2	Q8IXJ6	80	0.253907
2	Q8IXJ6	81	0.110368
2	Q8IXJ6	82	0.194609
2	Q8IXJ6	83	0.090116
2	Q8IXJ6	84	0
2	Q8IXJ6	85	0
2	Q8IXJ6	86	0
2	Q8IXJ6	87	0.132509
2	Q8IXJ6	88	0
2	Q8IXJ6	89	0.493077
2	Q8IXJ6	90	0.389726
2	Q8IXJ6	91	0.206791
2	Q8IXJ6	92	0.04577
2	Q8IXJ6	93	0.218753
2	Q8IXJ6	94	-0.00098
2	Q8IXJ6	95	0.462949
2	Q8IXJ6	96	0.389942
2	Q8IXJ6	97	0
2	Q8IXJ6	98	0.457597
2	Q8IXJ6	99	0.190362
2	Q8IXJ6	100	0.148583
2	Q8IXJ6	101	-9
2	Q8IXJ6	102	-0.001953
2	Q8IXJ6	103	0.267455
2	Q8IXJ6	104	0.588846
2	Q8IXJ6	105	0.21109
2	Q8IXJ6	106	0.273827
2	Q8IXJ6	107	0.242161
2	Q8IXJ6	108	-9
2	Q8IXJ6	109	0.201896
2	Q8IXJ6	110	0.256604
2	Q8IXJ6	111	0.129054
2	Q8IXJ6	112	0.329306
2	Q8IXJ6	113	0.422249
2	Q8IXJ6	114	0.385791
2	Q8IXJ6	115	0.340352
2	Q8IXJ6	116	0.09147
2	Q8IXJ6	117	0.25107
2	Q8IXJ6	118	-9
2	Q8IXJ6	119	-9
2	Q8IXJ6	120	-9
2	Q8IXJ6	121	-9
2	Q8IXJ6	122	-9
2	Q8IXJ6	123	-9
2	Q8IXJ6	124	-9
2	Q8IXJ6	125	-9
2	Q8IXJ6	126	-9
2	Q8IXJ6	127	-9
2	Q8IXJ6	128	-9
2	Q8IXJ6	129	-9
2	Q8IXJ6	130	-9
2	Q8IXJ6	131	-9
2	Q8IXJ6	132	-9
2	Q8IXJ6	133	-9
2	Q8IXJ6	134	-9
2	Q8IXJ6	135	-9
2	Q8IXJ6	136	-9
2	Q8IXJ6	137	-9
2	Q8IXJ6	138	-9
2	Q8IXJ6	139	-9
2	Q8IXJ6	140	-9
2	Q8IXJ6	141	-9
2	Q8IXJ6	142	-9
2	Q8IXJ6	143	-9
2	Q8IXJ6	144	-9
2	Q8IXJ6	145	0.018682
2	Q8IXJ6	146	0.408953
2	Q8IXJ6	147	0.100703
2	Q8IXJ6	148	0.30711
2	Q8IXJ6	149	0
2	Q8IXJ6	150	0.250335
2	Q8IXJ6	151	0.434489
2	Q8IXJ6	152	0.140366
2	Q8IXJ6	153	0.315155
2	Q8IXJ6	154	0.152627
2	Q8IXJ6	155	0.267974
2	Q8IXJ6	156	0.120786
2	Q8IXJ6	157	0.138758
2	Q8IXJ6	158	0.287117
2	Q8IXJ6	159	0.009
2	Q8IXJ6	160	0.132055
2	Q8IXJ6	161	0.215457
2	Q8IXJ6	162	0.346256
2	Q8IXJ6	163	0.396921
2	Q8IXJ6	164	0.225877
2	Q8IXJ6	165	0.303363
2	Q8IXJ6	166	0.325653
2	Q8IXJ6	167	0
2	Q8IXJ6	168	0
2	Q8IXJ6	169	0.374636
2	Q8IXJ6	170	0
2	Q8IXJ6	171	0.294496
2	Q8IXJ6	172	0
2	Q8IXJ6	173	0.396713
2	Q8IXJ6	174	0.15035
2	Q8IXJ6	175	0.181777
2	Q8IXJ6	176	0.35362
2	Q8IXJ6	177	-0.001637
2	Q8IXJ6	178	-9
2	Q8IXJ6	179	-9
2	Q8IXJ6	180	-9
2	Q8IXJ6	181	-9
2	Q8IXJ6	182	0.1812
2	Q8IXJ6	183	0.00294
2	Q8IXJ6	184	0.310713
2	Q8IXJ6	185	0.037229
2	Q8IXJ6	186	0.343215
2	Q8IXJ6	187	0
2	Q8IXJ6	188	0
2	Q8IXJ6	189	0.30519
2	Q8IXJ6	190	0.479735
2	Q8IXJ6	191	0.299231
2	Q8IXJ6	192	0.277106
2	Q8IXJ6	193	0.698097
2	Q8IXJ6	194	0.279574
2	Q8IXJ6	195	0
2	Q8IXJ6	196	0.177242
2	Q8IXJ6	197	0.020431
2	Q8IXJ6	198	-9
2	Q8IXJ6	199	-9
2	Q8IXJ6	200	0.002632
2	Q8IXJ6	201	0.15164
2	Q8IXJ6	202	0.080092
2	Q8IXJ6	203	0.280394
2	Q8IXJ6	204	0.247526
2	Q8IXJ6	205	-9
2	Q8IXJ6	206	-9
2	Q8IXJ6	207	-9
2	Q8IXJ6	208	-9
2	Q8IXJ6	209	-9
2	Q8IXJ6	210	-9
2	Q8IXJ6	211	-9
2	Q8IXJ6	212	-9
2	Q8IXJ6	213	-9
2	Q8IXJ6	214	-9
2	Q8IXJ6	215	-9
2	Q8IXJ6	216	-9
2	Q8IXJ6	217	-9
2	Q8IXJ6	218	0.275466
2	Q8IXJ6	219	0.378551
2	Q8IXJ6	220	0.154312
2	Q8IXJ6	221	0
2	Q8IXJ6	222	0.080983
2	Q8IXJ6	223	0.064348
2	Q8IXJ6	224	0
2	Q8IXJ6	225	0.080082
2	Q8IXJ6	226	0.075145
2	Q8IXJ6	227	0.179928
2	Q8IXJ6	228	0.200324
2	Q8IXJ6	229	0.392376
2	Q8IXJ6	230	0.478788
2	Q8IXJ6	231	0.322383
2	Q8IXJ6	232	0.243658
2	Q8IXJ6	233	0.386452
2	Q8IXJ6	234	0.58089
2	Q8IXJ6	235	0.491667
2	Q8IXJ6	236	0.356711
2	Q8IXJ6	237	0.271488
2	Q8IXJ6	238	0.088021
2	Q8IXJ6	239	0.182552
2	Q8IXJ6	240	0.205464
2	Q8IXJ6	241	0.08679
2	Q8IXJ6	242	0.130358
2	Q8IXJ6	243	0.313553
2	Q8IXJ6	244	0.333231
2	Q8IXJ6	245	0.063536
2	Q8IXJ6	246	0.193451
2	Q8IXJ6	247	0.196131
2	Q8IXJ6	248	0.138935
2	Q8IXJ6	249	0.042369
2	Q8IXJ6	250	0.370682
2	Q8IXJ6	251	0.358814
2	Q8IXJ6	252	0.085676
2	Q8IXJ6	253	0.075338
2	Q8IXJ6	254	0.246423
2	Q8IXJ6	255	0.038509
2	Q8IXJ6	256	0.260676
2	Q8IXJ6	257	0.279802
2	Q8IXJ6	258	0.106858
2	Q8IXJ6	259	0.23942
2	Q8IXJ6	260	0.409116
2	Q8IXJ6	261	0
2	Q8IXJ6	262	0.090074
2	Q8IXJ6	263	0
2	Q8IXJ6	264	0.384299
2	Q8IXJ6	265	0.211477
2	Q8IXJ6	266	0.20101
2	Q8IXJ6	267	0.266334
2	Q8IXJ6	268	0.470676
2	Q8IXJ6	269	0.32723
2	Q8IXJ6	270	0.333986
2	Q8IXJ6	271	0.392132
2	Q8IXJ6	272	0.2018
2	Q8IXJ6	273	0.361882
2	Q8IXJ6	274	0.256485
2	Q8IXJ6	275	0.135269
2	Q8IXJ6	276	0.293359
2	Q8IXJ6	277	0.226519
2	Q8IXJ6	278	-9
2	Q8IXJ6	279	0.178092
2	Q8IXJ6	280	0.178705
2	Q8IXJ6	281	-9
2	Q8IXJ6	282	0.320971
2	Q8IXJ6	283	0.197161
2	Q8IXJ6	284	0.603818
2	Q8IXJ6	285	0.469912
2	Q8IXJ6	286	-0.000583
2	Q8IXJ6	287	0.390886
2	Q8IXJ6	288	0.650722
2	Q8IXJ6	289	0.100197
2	Q8IXJ6	290	0.199081
2	Q8IXJ6	291	0.398586
2	Q8IXJ6	292	0.263229
2	Q8IXJ6	293	0.408794
2	Q8IXJ6	294	0.082743
2	Q8IXJ6	295	0.215266
2	Q8IXJ6	296	-9
2	Q8IXJ6	297	-9
2	Q8IXJ6	298	-9
2	Q8IXJ6	299	-9
2	Q8IXJ6	300	-9
2	Q8IXJ6	301	-9
2	Q8IXJ6	302	-9
2	Q8IXJ6	303	-9
2	Q8IXJ6	304	-9
2	Q8IXJ6	305	-9
2	Q8IXJ6	306	-9
2	Q8IXJ6	307	-9
2	Q8IXJ6	308	-9
2	Q8IXJ6	309	-9
2	Q8IXJ6	310	-9
2	Q8IXJ6	311	-9
2	Q8IXJ6	312	-9
2	Q8IXJ6	313	-9
2	Q8IXJ6	314	-9
2	Q8IXJ6	315	-9
2	Q8IXJ6	316	-9
2	Q8IXJ6	317	0.232477
2	Q8IXJ6	318	0.331167
2	Q8IXJ6	319	0.295863
2	Q8IXJ6	320	0.343061
2	Q8IXJ6	321	0.435594
2	Q8IXJ6	322	0.204933
2	Q8IXJ6	323	0.25612
2	Q8IXJ6	324	0.148369
2	Q8IXJ6	325	0.351351
2	Q8IXJ6	326	0.109951
2	Q8IXJ6	327	0.271229
2	Q8IXJ6	328	0.243706
2	Q8IXJ6	329	0.225455
2	Q8IXJ6	330	0.0582
2	Q8IXJ6	331	0.264075
2	Q8IXJ6	332	0.354529
2	Q8IXJ6	333	0.108064
2	Q8IXJ6	334	0.097498
2	Q8IXJ6	335	0.248596
2	Q8IXJ6	336	0.281835
2	Q8IXJ6	337	-9
2	Q8IXJ6	338	-9
2	Q8IXJ6	339	-9
2	Q8IXJ6	340	-9
2	Q8IXJ6	341	-9
2	Q8IXJ6	342	-9
2	Q8IXJ6	343	-9
2	Q8IXJ6	344	-9
2	Q8IXJ6	345	-9
2	Q8IXJ6	346	-9
2	Q8IXJ6	347	-9
2	Q8IXJ6	348	-9
2	Q8IXJ6	349	-9
2	Q8IXJ6	350	-9
2	Q8IXJ6	351	-9
2	Q8IXJ6	352	-9
2	Q8IXJ6	353	-9
2	Q8IXJ6	354	-9
2	Q8IXJ6	355	-9
2	Q8IXJ6	356	-9
2	Q8IXJ6	357	-9
2	Q8IXJ6	358	-9
2	Q8IXJ6	359	-9
2	Q8IXJ6	360	-9
2	Q8IXJ6	361	-9
2	Q8IXJ6	362	-9
2	Q8IXJ6	363	-9
2	Q8IXJ6	364	-9
2	Q8IXJ6	365	-9
2	Q8IXJ6	366	-9
2	Q8IXJ6	367	-9
2	Q8IXJ6	368	-9
2	Q8IXJ6	369	-9
2	Q8IXJ6	370	-9
2	Q8IXJ6	371	-9
2	Q8IXJ6	372	-9
2	Q8IXJ6	373	-9
2	Q8IXJ6	374	-9
2	Q8IXJ6	375	-9
2	Q8IXJ6	376	-9
2	Q8IXJ6	377	-9
2	Q8IXJ6	378	-9
2	Q8IXJ6	379	-9
2	Q8IXJ6	380	-9
2	Q8IXJ6	381	-9
2	Q8IXJ6	382	-9
2	Q8IXJ6	383	-9
2	Q8IXJ6	384	-9
2	Q8IXJ6	385	-9
2	Q8IXJ6	386	-9
2	Q8IXJ6	387	-9
2	Q8IXJ6	388	-9
2	Q8IXJ6	389	-9
3	Q9NTG7	1	0.008696
3	Q9NTG7	2	0.064761
3	Q9NTG7	3	-9
3	Q9NTG7	4	-9
3	Q9NTG7	5	-9
3	Q9NTG7	6	-9
3	Q9NTG7	7	-9
3	Q9NTG7	8	-9
3	Q9NTG7	9	-9
3	Q9NTG7	10	-9
3	Q9NTG7	11	-9
3	Q9NTG7	12	-9
3	Q9NTG7	13	-9
3	Q9NTG7	14	-9
3	Q9NTG7	15	-9
3	Q9NTG7	16	-9
3	Q9NTG7	17	-9
3	Q9NTG7	18	-9
3	Q9NTG7	19	-9
3	Q9NTG7	20	-9
3	Q9NTG7	21	-9
3	Q9NTG7	22	-9
3	Q9NTG7	23	-9
3	Q9NTG7	24	-9
3	Q9NTG7	25	-9
3	Q9NTG7	26	-9
3	Q9NTG7	27	-9
3	Q9NTG7	28	-9
3	Q9NTG7	29	-9
3	Q9NTG7	30	-9
3	Q9NTG7	31	-9
3	Q9NTG7	32	-9
3	Q9NTG7	33	-9
3	Q9NTG7	34	-9
3	Q9NTG7	35	-9
3	Q9NTG7	36	-9
3	Q9NTG7	37	-9
3	Q9NTG7	38	-9
3	Q9NTG7	39	-9
3	Q9NTG7	40	-9
3	Q9NTG7	41	-9
3	Q9NTG7	42	-9
3	Q9NTG7	43	-9
3	Q9NTG7	44	-9
3	Q9NTG7	45	-9
3	Q9NTG7	46	-9
3	Q9NTG7	47	-9
3	Q9NTG7	48	-9
3	Q9NTG7	49	-9
3	Q9NTG7	50	-9
3	Q9NTG7	51	-9
3	Q9NTG7	52	-9
3	Q9NTG7	53	-9
3	Q9NTG7	54	-9
3	Q9NTG7	55	-9
3	Q9NTG7	56	-9
3	Q9NTG7	57	-9
3	Q9NTG7	58	-9
3	Q9NTG7	59	-9
3	Q9NTG7	60	-9
3	Q9NTG7	61	-9
3	Q9NTG7	62	-9
3	Q9NTG7	63	-9
3	Q9NTG7	64	-9
3	Q9NTG7	65	-9
3	Q9NTG7	66	-9
3	Q9NTG7	67	-9
3	Q9NTG7	68	-9
3	Q9NTG7	69	-9
3	Q9NTG7	70	-9
3	Q9NTG7	71	-9
3	Q9NTG7	72	-9
3	Q9NTG7	73	-9
3	Q9NTG7	74	-9
3	Q9NTG7	75	-9
3	Q9NTG7	76	-9
3	Q9NTG7	77	-9
3	Q9NTG7	78	-9
3	Q9NTG7	79	-9
3	Q9NTG7	80	-9
3	Q9NTG7	81	-9
3	Q9NTG7	82	-9
3	Q9NTG7	83	-9
3	Q9NTG7	84	-9
3	Q9NTG7	85	-9
3	Q9NTG7	86	-9
3	Q9NTG7	87	-9
3	Q9NTG7	88	-9
3	Q9NTG7	89	-9
3	Q9NTG7	90	-9
3	Q9NTG7	91	-9
3	Q9NTG7	92	-9
3	Q9NTG7	93	-9
3	Q9NTG7	94	-9
3	Q9NTG7	95	-9
3	Q9NTG7	96	-9
3	Q9NTG7	97	-9
3	Q9NTG7	98	-9
3	Q9NTG7	99	-9
3	Q9NTG7	100	-9
3	Q9NTG7	101	-9
3	Q9NTG7	102	-9
3	Q9NTG7	103	-9
3	Q9NTG7	104	-9
3	Q9NTG7	105	-9
3	Q9NTG7	106	-9
3	Q9NTG7	107	-9
3	Q9NTG7	108	-9
3	Q9NTG7	109	-9
3	Q9NTG7	110	-9
3	Q9NTG7	111	-9
3	Q9NTG7	112	-9
3	Q9NTG7	113	-9
3	Q9NTG7	114	-9
3	Q9NTG7	115	-9
3	Q9NTG7	116	-9
3	Q9NTG7	117	-9
3	Q9NTG7	118	-9
3	Q9NTG7	119	-9
3	Q9NTG7	120	-9
3	Q9NTG7	121	-9
3	Q9NTG7	122	-9
3	Q9NTG7	123	-9
3	Q9NTG7	124	0.336511
3	Q9NTG7	125	0.149761
3	Q9NTG7	126	0.230574
3	Q9NTG7	127	0.215853
3	Q9NTG7	128	0.371445
3	Q9NTG7	129	0.260383
3	Q9NTG7	130	0.059342
3	Q9NTG7	131	0.147417
3	Q9NTG7	132	0.164846
3	Q9NTG7	133	0.16876
3	Q9NTG7	134	0.130035
3	Q9NTG7	135	0.183238
3	Q9NTG7	136	0.039859
3	Q9NTG7	137	0.165993
3	Q9NTG7	138	-9
3	Q9NTG7	139	-9
3	Q9NTG7	140	0.238504
3	Q9NTG7	141	0.253907
3	Q9NTG7	142	0.110368
3	Q9NTG7	143	0.194609
3	Q9NTG7	144	0.090116
3	Q9NTG7	145	0
3	Q9NTG7	146	0
3	Q9NTG7	147	0
3	Q9NTG7	148	0.132509
3	Q9NTG7	149	0
3	Q9NTG7	150	0.493077
3	Q9NTG7	151	0.389726
3	Q9NTG7	152	0.206791
3	Q9NTG7	153	0.04577
3	Q9NTG7	154	0.218753
3	Q9NTG7	155	-0.00098
3	Q9NTG7	156	0.462949
3	Q9NTG7	157	0.389942
3	Q9NTG7	158	0
3	Q9NTG7	159	0.457597
3	Q9NTG7	160	0.190362
3	Q9NTG7	161	0.148583
3	Q9NTG7	162	-9
3	Q9NTG7	163	-0.001953
3	Q9NTG7	164	0.267455
3	Q9NTG7	165	0.588846
3	Q9NTG7	166	0.21109
3	Q9NTG7	167	0.273827
3	Q9NTG7	168	0.242161
3	Q9NTG7	169	-9
3	Q9NTG7	170	0.201896
3	Q9NTG7	171	0.256604
3	Q9NTG7	172	0.129054
3	Q9NTG7	173	0.329306
3	Q9NTG7	174	0.422249
3	Q9NTG7	175	0.385791
3	Q9NTG7	176	0.340352
3	Q9NTG7	177	0.09147
3	Q9NTG7	178	0.25107
3	Q9NTG7	179	-9
3	Q9NTG7	180	-9
3	Q9NTG7	181	-9
3	Q9NTG7	182	-9
3	Q9NTG7	183	-9
3	Q9NTG7	184	-9
3	Q9NTG7	185	-9
3	Q9NTG7	186	-9
3	Q9NTG7	187	-9
3	Q9NTG7	188	-9
3	Q9NTG7	189	-9
3	Q9NTG7	190	-9
3	Q9NTG7	191	-9
3	Q9NTG7	192	-9
3	Q9NTG7	193	-9
3	Q9NTG7	194	-9
3	Q9NTG7	195	-9
3	Q9NTG7	196	-9
3	Q9NTG7	197	-9
3	Q9NTG7	198	-9
3	Q9NTG7	199	-9
3	Q9NTG7	200	-9
3	Q9NTG7	201	-9
3	Q9NTG7	202	-9
3	Q9NTG7	203	-9
3	Q9NTG7	204	-9
3	Q9NTG7	205	-9
3	Q9NTG7	206	0.018682
3	Q9NTG7	207	0.408953
3	Q9NTG7	208	0.100703
3	Q9NTG7	209	0.30711
3	Q9NTG7	210	0
3	Q9NTG7	211	0.250335
3	Q9NTG7	212	0.434489
3	Q9NTG7	213	0.140366
3	Q9NTG7	214	0.315155
3	Q9NTG7	215	0.152627
3	Q9NTG7	216	0.267974
3	Q9NTG7	217	0.120786
3	Q9NTG7	218	0.138758
3	Q9NTG7	219	0.287117
3	Q9NTG7	220	0.009
3	Q9NTG7	221	0.132055
3	Q9NTG7	222	0.215457
3	Q9NTG7	223	0.346256
3	Q9NTG7	224	0.396921
3	Q9NTG7	225	0.225877
3	Q9NTG7	226	0.303363
3	Q9NTG7	227	0.325653
3	Q9NTG7	228	0
3	Q9NTG7	229	0
3	Q9NTG7	230	0.374636
3	Q9NTG7	231	0
3	Q9NTG7	232	0.294496
3	Q9NTG7	233	0
3	Q9NTG7	234	0.396713
3	Q9NTG7	235	0.15035
3	Q9NTG7	236	0.181777
3	Q9NTG7	237	0.35362
3	Q9NTG7	238	-0.001637
3	Q9NTG7	239	-9
3	Q9NTG7	240	-9
3	Q9NTG7	241	-9
3	Q9NTG7	242	-9
3	Q9NTG7	243	0.1812
3	Q9NTG7	244	0.00294
3	Q9NTG7	245	0.310713
3	Q9NTG7	246	0.037229
3	Q9NTG7	247	0.343215
3	Q9NTG7	248	0
3	Q9NTG7	249	0
3	Q9NTG7	250	0.30519
3	Q9NTG7	251	0.479735
3	Q9NTG7	252	0.299231
3	Q9NTG7	253	0.277106
3	Q9NTG7	254	0.698097
3	Q9NTG7	255	0.279574
3	Q9NTG7	256	0
3	Q9NTG7	257	0.177242
3	Q9NTG7	258	0.020431
3	Q9NTG7	259	0.002632
3	Q9NTG7	260	0.15164
3	Q9NTG7	261	0.080092
3	Q9NTG7	262	0.280394
3	Q9NTG7	263	0.247526
3	Q9NTG7	264	-9
3	Q9NTG7	265	-9
3	Q9NTG7	266	-9
3	Q9NTG7	267	-9
3	Q9NTG7	268	-9
3	Q9NTG7	269	-9
3	Q9NTG7	270	-9
3	Q9NTG7	271	-9
3	Q9NTG7	272	-9
3	Q9NTG7	273	-9
3	Q9NTG7	274	-9
3	Q9NTG7	275	-9
3	Q9NTG7	276	-9
3	Q9NTG7	277	0.275466
3	Q9NTG7	278	0.378551
3	Q9NTG7	279	0.154312
3	Q9NTG7	280	0
3	Q9NTG7	281	0.080983
3	Q9NTG7	282	0.064348
3	Q9NTG7	283	0
3	Q9NTG7	284	0.080082
3	Q9NTG7	285	0.075145
3	Q9NTG7	286	0.179928
3	Q9NTG7	287	0.200324
3	Q9NTG7	288	0.392376
3	Q9NTG7	289	0.478788
3	Q9NTG7	290	0.322383
3	Q9NTG7	291	0.243658
3	Q9NTG7	292	0.386452
3	Q9NTG7	293	0.58089
3	Q9NTG7	294	0.491667
3	Q9NTG7	295	0.356711
3	Q9NTG7	296	0.271488
3	Q9NTG7	297	0.088021
3	Q9NTG7	298	0.182552
3	Q9NTG7	299	0.205464
3	Q9NTG7	300	0.08679
3	Q9NTG7	301	0.130358
3	Q9NTG7	302	0.313553
3	Q9NTG7	303	0.333231
3	Q9NTG7	304	0.063536
3	Q9NTG7	305	0.193451
3	Q9NTG7	306	0.196131
3	Q9NTG7	307	0.138935
3	Q9NTG7	308	0.370682
3	Q9NTG7	309	0.358814
3	Q9NTG7	310	0.085676
3	Q9NTG7	311	0.075338
3	Q9NTG7	312	0.246423
3	Q9NTG7	313	0.038509
3	Q9NTG7	314	0.260676
3	Q9NTG7	315	0.279802
3	Q9NTG7	316	0.106858
3	Q9NTG7	317	0.23942
3	Q9NTG7	318	0.409116
3	Q9NTG7	319	0
3	Q9NTG7	320	0.090074
3	Q9NTG7	321	0
3	Q9NTG7	322	0.384299
3	Q9NTG7	323	0.211477
3	Q9NTG7	324	0.20101
3	Q9NTG7	325	0.266334
3	Q9NTG7	326	0.470676
3	Q9NTG7	327	0.32723
3	Q9NTG7	328	0.333986
3	Q9NTG7	329	0.392132
3	Q9NTG7	330	0.2018
3	Q9NTG7	331	0.361882
3	Q9NTG7	332	0.256485
3	Q9NTG7	333	0.135269
3	Q9NTG7	334	0.293359
3	Q9NTG7	335	0.226519
3	Q9NTG7	336	-9
3	Q9NTG7	337	0.178092
3	Q9NTG7	338	0.178705
3	Q9NTG7	339	-9
3	Q9NTG7	340	0.320971
3	Q9NTG7	341	0.197161
3	Q9NTG7	342	0.603818
3	Q9NTG7	343	0.469912
3	Q9NTG7	344	-0.000583
3	Q9NTG7	345	0.390886
3	Q9NTG7	346	0.650722
3	Q9NTG7	347	0.100197
3	Q9NTG7	348	0.199081
3	Q9NTG7	349	0.398586
3	Q9NTG7	350	0.263229
3	Q9NTG7	351	0.408794
3	Q9NTG7	352	0.082743
3	Q9NTG7	353	0.215266
3	Q9NTG7	354	-9
3	Q9NTG7	355	-9
3	Q9NTG7	356	-9
3	Q9NTG7	357	-9
3	Q9NTG7	358	-9
3	Q9NTG7	359	0.232477
3	Q9NTG7	360	0.331167
3	Q9NTG7	361	0.295863
3	Q9NTG7	362	0.343061
3	Q9NTG7	363	0.435594
3	Q9NTG7	364	0.204933
3	Q9NTG7	365	0.25612
3	Q9NTG7	366	0.148369
3	Q9NTG7	367	0.351351
3	Q9NTG7	368	0.109951
3	Q9NTG7	369	0.271229
3	Q9NTG7	370	0.243706
3	Q9NTG7	371	0.225455
3	Q9NTG7	372	0.0582
3	Q9NTG7	373	0.264075
3	Q9NTG7	374	0.354529
3	Q9NTG7	375	0.108064
3	Q9NTG7	376	0.097498
3	Q9NTG7	377	0.248596
3	Q9NTG7	378	0.281835
3	Q9NTG7	379	-9
3	Q9NTG7	380	-9
3	Q9NTG7	381	-9
3	Q9NTG7	382	-9
3	Q9NTG7	383	-9
3	Q9NTG7	384	-9
3	Q9NTG7	385	-9
3	Q9NTG7	386	-9
3	Q9NTG7	387	-9
3	Q9NTG7	388	-9
3	Q9NTG7	389	-9
3	Q9NTG7	390	-9
3	Q9NTG7	391	-9
3	Q9NTG7	392	-9
3	Q9NTG7	393	-9
3	Q9NTG7	394	-9
3	Q9NTG7	395	-9
3	Q9NTG7	396	-9
3	Q9NTG7	397	-9
3	Q9NTG7	398	-9
3	Q9NTG7	399	-9
4	Q9Y6E7	1	0.008696
4	Q9Y6E7	2	0.064761
4	Q9Y6E7	3	-9
4	Q9Y6E7	4	-9
4	Q9Y6E7	5	-9
4	Q9Y6E7	6	-9
4	Q9Y6E7	7	-9
4	Q9Y6E7	8	-9
4	Q9Y6E7	9	-9
4	Q9Y6E7	10	-9
4	Q9Y6E7	11	-9
4	Q9Y6E7	12	-9
4	Q9Y6E7	13	-9
4	Q9Y6E7	14	-9
4	Q9Y6E7	15	-9
4	Q9Y6E7	16	-9
4	Q9Y6E7	17	-9
4	Q9Y6E7	18	-9
4	Q9Y6E7	19	-9
4	Q9Y6E7	20	-9
4	Q9Y6E7	21	-9
4	Q9Y6E7	22	-9
4	Q9Y6E7	23	-9
4	Q9Y6E7	24	-9
4	Q9Y6E7	25	-9
4	Q9Y6E7	26	-9
4	Q9Y6E7	27	-9
4	Q9Y6E7	28	-9
4	Q9Y6E7	29	-9
4	Q9Y6E7	30	-9
4	Q9Y6E7	31	-9
4	Q9Y6E7	32	-9
4	Q9Y6E7	33	0.156213
4	Q9Y6E7	34	0.177
4	Q9Y6E7	35	0.224997
4	Q9Y6E7	36	0.066086
4	Q9Y6E7	37	0.188504
4	Q9Y6E7	38	0.247134
4	Q9Y6E7	39	0.164023
4	Q9Y6E7	40	0.252198
4	Q9Y6E7	41	0.189322
4	Q9Y6E7	42	0.183202
4	Q9Y6E7	43	0.336511
4	Q9Y6E7	44	0.149761
4	Q9Y6E7	45	0.230574
4	Q9Y6E7	46	0.215853
4	Q9Y6E7	47	0.371445
4	Q9Y6E7	48	0.260383
4	Q9Y6E7	49	0.059342
4	Q9Y6E7	50	0.147417
4	Q9Y6E7	51	0.164846
4	Q9Y6E7	52	0.16876
4	Q9Y6E7	53	0.130035
4	Q9Y6E7	54	0.183238
4	Q9Y6E7	55	0.039859
4	Q9Y6E7	56	0.165993
4	Q9Y6E7	57	0.238504
4	Q9Y6E7	58	0.253907
4	Q9Y6E7	59	0.110368
4	Q9Y6E7	60	0.194609
4	Q9Y6E7	61	0.090116
4	Q9Y6E7	62	0
4	Q9Y6E7	63	0
4	Q9Y6E7	64	0
4	Q9Y6E7	65	0.132509
4	Q9Y6E7	66	0
4	Q9Y6E7	67	0.493077
4	Q9Y6E7	68	0.389726
4	Q9Y6E7	69	0.206791
4	Q9Y6E7	70	0.04577
4	Q9Y6E7	71	0.218753
4	Q9Y6E7	72	-0.00098
4	Q9Y6E7	73	0.462949
4	Q9Y6E7	74	0.389942
4	Q9Y6E7	75	0
4	Q9Y6E7	76	0.457597
4	Q9Y6E7	77	0.190362
4	Q9Y6E7	78	0.148583
4	Q9Y6E7	79	-9
4	Q9Y6E7	80	-0.001953
4	Q9Y6E7	81	0.267455
4	Q9Y6E7	82	0.588846
4	Q9Y6E7	83	0.21109
4	Q9Y6E7	84	0.273827
4	Q9Y6E7	85	0.242161
4	Q9Y6E7	86	0.201896
4	Q9Y6E7	87	0.256604
4	Q9Y6E7	88	0.129054
4	Q9Y6E7	89	0.329306
4	Q9Y6E7	90	0.422249
4	Q9Y6E7	91	0.385791
4	Q9Y6E7	92	0.340352
4	Q9Y6E7	93	0.09147
4	Q9Y6E7	94	0.25107
4	Q9Y6E7	95	-9
4	Q9Y6E7	96	-9
4	Q9Y6E7	97	-9
4	Q9Y6E7	98	-9
4	Q9Y6E7	99	-9
4	Q9Y6E7	100	-9
4	Q9Y6E7	101	-9
4	Q9Y6E7	102	-9
4	Q9Y6E7	103	-9
4	Q9Y6E7	104	-9
4	Q9Y6E7	105	-9
4	Q9Y6E7	106	-9
4	Q9Y6E7	107	-9
4	Q9Y6E7	108	-9
4	Q9Y6E7	109	-9
4	Q9Y6E7	110	-9
4	Q9Y6E7	111	-9
4	Q9Y6E7	112	-9
4	Q9Y6E7	113	-9
4	Q9Y6E7	114	-9
4	Q9Y6E7	115	-9
4	Q9Y6E7	116	-9
4	Q9Y6E7	117	-9
4	Q9Y6E7	118	-9
4	Q9Y6E7	119	-9
4	Q9Y6E7	120	-9
4	Q9Y6E7	121	0.018682
4	Q9Y6E7	122	0.408953
4	Q9Y6E7	123	0.100703
4	Q9Y6E7	124	0.30711
4	Q9Y6E7	125	0
4	Q9Y6E7	126	0.250335
4	Q9Y6E7	127	0.434489
4	Q9Y6E7	128	0.140366
4	Q9Y6E7	129	0.315155
4	Q9Y6E7	130	0.152627
4	Q9Y6E7	131	0.267974
4	Q9Y6E7	132	0.120786
4	Q9Y6E7	133	0.138758
4	Q9Y6E7	134	0.287117
4	Q9Y6E7	135	0.009
4	Q9Y6E7	136	0.132055
4	Q9Y6E7	137	0.215457
4	Q9Y6E7	138	0.346256
4	Q9Y6E7	139	0.396921
4	Q9Y6E7	140	0.225877
4	Q9Y6E7	141	0.303363
4	Q9Y6E7	142	0.325653
4	Q9Y6E7	143	0
4	Q9Y6E7	144	0
4	Q9Y6E7	145	0.374636
4	Q9Y6E7	146	0
4	Q9Y6E7	147	0.294496
4	Q9Y6E7	148	0
4	Q9Y6E7	149	0.396713
4	Q9Y6E7	150	0.15035
4	Q9Y6E7	151	0.181777
4	Q9Y6E7	152	0.35362
4	Q9Y6E7	153	-0.001637
4	Q9Y6E7	154	-9
4	Q9Y6E7	155	-9
4	Q9Y6E7	156	0.1812
4	Q9Y6E7	157	0.00294
4	Q9Y6E7	158	0.310713
4	Q9Y6E7	159	0.037229
4	Q9Y6E7	160	0.343215
4	Q9Y6E7	161	0
4	Q9Y6E7	162	0
4	Q9Y6E7	163	0.30519
4	Q9Y6E7	164	0.479735
4	Q9Y6E7	165	0.299231
4	Q9Y6E7	166	0.277106
4	Q9Y6E7	167	0.698097
4	Q9Y6E7	168	0.279574
4	Q9Y6E7	169	0
4	Q9Y6E7	170	0.177242
4	Q9Y6E7	171	0.020431
4	Q9Y6E7	172	0.002632
4	Q9Y6E7	173	0.15164
4	Q9Y6E7	174	0.080092
4	Q9Y6E7	175	0.280394
4	Q9Y6E7	176	0.247526
4	Q9Y6E7	177	-9
4	Q9Y6E7	178	-9
4	Q9Y6E7	179	-9
4	Q9Y6E7	180	-9
4	Q9Y6E7	181	-9
4	Q9Y6E7	182	-9
4	Q9Y6E7	183	-9
4	Q9Y6E7	184	-9
4	Q9Y6E7	185	-9
4	Q9Y6E7	186	-9
4	Q9Y6E7	187	-9
4	Q9Y6E7	188	-9
4	Q9Y6E7	189	-9
4	Q9Y6E7	190	-9
4	Q9Y6E7	191	-9
4	Q9Y6E7	192	-9
4	Q9Y6E7	193	-9
4	Q9Y6E7	194	-9
4	Q9Y6E7	195	-9
4	Q9Y6E7	196	-9
4	Q9Y6E7	197	-9
4	Q9Y6E7	198	-9
4	Q9Y6E7	199	-9
4	Q9Y6E7	200	-9
4	Q9Y6E7	201	-9
4	Q9Y6E7	202	-9
4	Q9Y6E7	203	-9
4	Q9Y6E7	204	-9
4	Q9Y6E7	205	-9
4	Q9Y6E7	206	-9
4	Q9Y6E7	207	-9
4	Q9Y6E7	208	-9
4	Q9Y6E7	209	-9
4	Q9Y6E7	210	-9
4	Q9Y6E7	211	-9
4	Q9Y6E7	212	-9
4	Q9Y6E7	213	-9
4	Q9Y6E7	214	-9
4	Q9Y6E7	215	-9
4	Q9Y6E7	216	-9
4	Q9Y6E7	217	0.275466
4	Q9Y6E7	218	0.378551
4	Q9Y6E7	219	0.154312
4	Q9Y6E7	220	0
4	Q9Y6E7	221	0.080983
4	Q9Y6E7	222	0.064348
4	Q9Y6E7	223	0
4	Q9Y6E7	224	0.080082
4	Q9Y6E7	225	0.075145
4	Q9Y6E7	226	0.179928
4	Q9Y6E7	227	0.200324
4	Q9Y6E7	228	0.392376
4	Q9Y6E7	229	0.478788
4	Q9Y6E7	230	0.322383
4	Q9Y6E7	231	0.243658
4	Q9Y6E7	232	0.386452
4	Q9Y6E7	233	0.58089
4	Q9Y6E7	234	0.491667
4	Q9Y6E7	235	0.356711
4	Q9Y6E7	236	0.271488
4	Q9Y6E7	237	0.088021
4	Q9Y6E7	238	0.182552
4	Q9Y6E7	239	0.205464
4	Q9Y6E7	240	0.08679
4	Q9Y6E7	241	0.130358
4	Q9Y6E7	242	0.313553
4	Q9Y6E7	243	0.333231
4	Q9Y6E7	244	0.063536
4	Q9Y6E7	245	0.193451
4	Q9Y6E7	246	0.196131
4	Q9Y6E7	247	0.138935
4	Q9Y6E7	248	0.042369
4	Q9Y6E7	249	0.370682
4	Q9Y6E7	250	0.358814
4	Q9Y6E7	251	0.085676
4	Q9Y6E7	252	0.075338
4	Q9Y6E7	253	0.246423
4	Q9Y6E7	254	0.038509
4	Q9Y6E7	255	0.260676
4	Q9Y6E7	256	0.279802
4	Q9Y6E7	257	0.106858
4	Q9Y6E7	258	0.23942
4	Q9Y6E7	259	0.409116
4	Q9Y6E7	260	0
4	Q9Y6E7	261	0.090074
4	Q9Y6E7	262	0
4	Q9Y6E7	263	0.384299
4	Q9Y6E7	264	0.211477
4	Q9Y6E7	265	0.20101
4	Q9Y6E7	266	0.266334
4	Q9Y6E7	267	0.470676
4	Q9Y6E7	268	0.32723
4	Q9Y6E7	269	0.333986
4	Q9Y6E7	270	0.392132
4	Q9Y6E7	271	0.2018
4	Q9Y6E7	272	0.361882
4	Q9Y6E7	273	0.256485
4	Q9Y6E7	274	0.135269
4	Q9Y6E7	275	0.293359
4	Q9Y6E7	276	0.226519
4	Q9Y6E7	277	-9
4	Q9Y6E7	278	-9
4	Q9Y6E7	279	0.178092
4	Q9Y6E7	280	0.178705
4	Q9Y6E7	281	-9
4	Q9Y6E7	282	0.320971
4	Q9Y6E7	283	0.197161
4	Q9Y6E7	284	0.603818
4	Q9Y6E7	285	0.469912
4	Q9Y6E7	286	-0.000583
4	Q9Y6E7	287	0.390886
4	Q9Y6E7	288	0.650722
4	Q9Y6E7	289	0.100197
4	Q9Y6E7	290	0.199081
4	Q9Y6E7	291	0.398586
4	Q9Y6E7	292	0.263229
4	Q9Y6E7	293	0.408794
4	Q9Y6E7	294	0.082743
4	Q9Y6E7	295	0.215266
4	Q9Y6E7	296	-9
4	Q9Y6E7	297	0.232477
4	Q9Y6E7	298	0.331167
4	Q9Y6E7	299	0.295863
4	Q9Y6E7	300	0.343061
4	Q9Y6E7	301	0.435594
4	Q9Y6E7	302	0.204933
4	Q9Y6E7	303	0.25612
4	Q9Y6E7	304	0.148369
4	Q9Y6E7	305	0.351351
4	Q9Y6E7	306	0.109951
4	Q9Y6E7	307	0.271229
4	Q9Y6E7	308	0.243706
4	Q9Y6E7	309	0.225455
4	Q9Y6E7	310	0.0582
4	Q9Y6E7	311	0.264075
4	Q9Y6E7	312	0.354529
4	Q9Y6E7	313	0.108064
4	Q9Y6E7	314	0.097498
5	Q9NXA8	1	0.008696
5	Q9NXA8	2	0.064761
5	Q9NXA8	3	-9
5	Q9NXA8	4	-9
5	Q9NXA8	5	-9
5	Q9NXA8	6	-9
5	Q9NXA8	7	-9
5	Q9NXA8	8	-9
5	Q9NXA8	9	-9
5	Q9NXA8	10	-9
5	Q9NXA8	11	-9
5	Q9NXA8	12	-9
5	Q9NXA8	13	-9
5	Q9NXA8	14	-9
5	Q9NXA8	15	-9
5	Q9NXA8	16	-9
5	Q9NXA8	17	-9
5	Q9NXA8	18	-9
5	Q9NXA8	19	-9
5	Q9NXA8	20	-9
5	Q9NXA8	21	-9
5	Q9NXA8	22	-9
5	Q9NXA8	23	-9
5	Q9NXA8	24	-9
5	Q9NXA8	25	-9
5	Q9NXA8	26	-9
5	Q9NXA8	27	-9
5	Q9NXA8	28	-9
5	Q9NXA8	29	0.156213
5	Q9NXA8	30	0.177
5	Q9NXA8	31	0.224997
5	Q9NXA8	32	0.066086
5	Q9NXA8	33	0.188504
5	Q9NXA8	34	0.247134
5	Q9NXA8	35	0.164023
5	Q9NXA8	36	0.252198
5	Q9NXA8	37	0.189322
5	Q9NXA8	38	0.183202
5	Q9NXA8	39	0.336511
5	Q9NXA8	40	0.149761
5	Q9NXA8	41	0.230574
5	Q9NXA8	42	0.215853
5	Q9NXA8	43	0.371445
5	Q9NXA8	44	0.260383
5	Q9NXA8	45	0.059342
5	Q9NXA8	46	0.147417
5	Q9NXA8	47	0.164846
5	Q9NXA8	48	0.16876
5	Q9NXA8	49	0.130035
5	Q9NXA8	50	0.183238
5	Q9NXA8	51	0.039859
5	Q9NXA8	52	0.165993
5	Q9NXA8	53	0.238504
5	Q9NXA8	54	0.253907
5	Q9NXA8	55	0.110368
5	Q9NXA8	56	0.194609
5	Q9NXA8	57	0.090116
5	Q9NXA8	58	0
5	Q9NXA8	59	0
5	Q9NXA8	60	0
5	Q9NXA8	61	0.132509
5	Q9NXA8	62	0
5	Q9NXA8	63	0.493077
5	Q9NXA8	64	0.389726
5	Q9NXA8	65	0.206791
5	Q9NXA8	66	0.04577
5	Q9NXA8	67	0.218753
5	Q9NXA8	68	-0.00098
5	Q9NXA8	69	0.462949
5	Q9NXA8	70	0.389942
5	Q9NXA8	71	0
5	Q9NXA8	72	0.457597
5	Q9NXA8	73	0.190362
5	Q9NXA8	74	0.148583
5	Q9NXA8	75	-0.001953
5	Q9NXA8	76	0.267455
5	Q9NXA8	77	0.588846
5	Q9NXA8	78	0.21109
5	Q9NXA8	79	0.273827
5	Q9NXA8	80	0.242161
5	Q9NXA8	81	-9
5	Q9NXA8	82	0.201896
5	Q9NXA8	83	0.256604
5	Q9NXA8	84	0.129054
5	Q9NXA8	85	0.329306
5	Q9NXA8	86	0.422249
5	Q9NXA8	87	0.385791
5	Q9NXA8	88	0.340352
5	Q9NXA8	89	0.09147
5	Q9NXA8	90	0.25107
5	Q9NXA8	91	-9
5	Q9NXA8	92	-9
5	Q9NXA8	93	-9
5	Q9NXA8	94	-9
5	Q9NXA8	95	-9
5	Q9NXA8	96	-9
5	Q9NXA8	97	-9
5	Q9NXA8	98	-9
5	Q9NXA8	99	-9
5	Q9NXA8	100	-9
5	Q9NXA8	101	-9
5	Q9NXA8	102	-9
5	Q9NXA8	103	-9
5	Q9NXA8	104	-9
5	Q9NXA8	105	-9
5	Q9NXA8	106	-9
5	Q9NXA8	107	-9
5	Q9NXA8	108	-9
5	Q9NXA8	109	-9
5	Q9NXA8	110	-9
5	Q9NXA8	111	-9
5	Q9NXA8	112	-9
5	Q9NXA8	113	-9
5	Q9NXA8	114	0.018682
5	Q9NXA8	115	0.408953
5	Q9NXA8	116	0.100703
5	Q9NXA8	117	0.30711
5	Q9NXA8	118	0
5	Q9NXA8	119	0.250335
5	Q9NXA8	120	0.434489
5	Q9NXA8	121	0.140366
5	Q9NXA8	122	0.315155
5	Q9NXA8	123	0.152627
5	Q9NXA8	124	0.267974
5	Q9NXA8	125	0.120786
5	Q9NXA8	126	0.138758
5	Q9NXA8	127	0.287117
5	Q9NXA8	128	-9
5	Q9NXA8	129	-9
5	Q9NXA8	130	-9
5	Q9NXA8	131	-9
5	Q9NXA8	132	0.009
5	Q9NXA8	133	0.132055
5	Q9NXA8	134	0.215457
5	Q9NXA8	135	0.346256
5	Q9NXA8	136	0.396921
5	Q9NXA8	137	0.225877
5	Q9NXA8	138	0.303363
5	Q9NXA8	139	0.325653
5	Q9NXA8	140	0
5	Q9NXA8	141	0
5	Q9NXA8	142	0.374636
5	Q9NXA8	143	0
5	Q9NXA8	144	0.294496
5	Q9NXA8	145	0
5	Q9NXA8	146	0.396713
5	Q9NXA8	147	0.15035
5	Q9NXA8	148	0.181777
5	Q9NXA8	149	0.35362
5	Q9NXA8	150	-0.001637
5	Q9NXA8	151	-9
5	Q9NXA8	152	-9
5	Q9NXA8	153	0.1812
5	Q9NXA8	154	0.00294
5	Q9NXA8	155	0.310713
5	Q9NXA8	156	0.037229
5	Q9NXA8	157	0.343215
5	Q9NXA8	158	0
5	Q9NXA8	159	0
5	Q9NXA8	160	0.30519
5	Q9NXA8	161	0.479735
5	Q9NXA8	162	0.299231
5	Q9NXA8	163	0.277106
5	Q9NXA8	164	0.698097
5	Q9NXA8	165	0.279574
5	Q9NXA8	166	0
5	Q9NXA8	167	0.177242
5	Q9NXA8	168	0.020431
5	Q9NXA8	169	0.002632
5	Q9NXA8	170	0.15164
5	Q9NXA8	171	0.080092
5	Q9NXA8	172	0.280394
5	Q9NXA8	173	0.247526
5	Q9NXA8	174	-9
5	Q9NXA8	175	-9
5	Q9NXA8	176	-9
5	Q9NXA8	177	-9
5	Q9NXA8	178	-9
5	Q9NXA8	179	-9
5	Q9NXA8	180	-9
5	Q9NXA8	181	-9
5	Q9NXA8	182	-9
5	Q9NXA8	183	-9
5	Q9NXA8	184	-9
5	Q9NXA8	185	-9
5	Q9NXA8	186	-9
5	Q9NXA8	187	-9
5	Q9NXA8	188	-9
5	Q9NXA8	189	-9
5	Q9NXA8	190	-9
5	Q9NXA8	191	-9
5	Q9NXA8	192	-9
5	Q9NXA8	193	-9
5	Q9NXA8	194	-9
5	Q9NXA8	195	-9
5	Q9NXA8	196	-9
5	Q9NXA8	197	-9
5	Q9NXA8	198	-9
5	Q9NXA8	199	-9
5	Q9NXA8	200	-9
5	Q9NXA8	201	-9
5	Q9NXA8	202	-9
5	Q9NXA8	203	-9
5	Q9NXA8	204	0.275466
5	Q9NXA8	205	0.378551
5	Q9NXA8	206	0.154312
5	Q9NXA8	207	0
5	Q9NXA8	208	0.080983
5	Q9NXA8	209	0.064348
5	Q9NXA8	210	-9
5	Q9NXA8	211	-9
5	Q9NXA8	212	0
5	Q9NXA8	213	0.080082
5	Q9NXA8	214	0.075145
5	Q9NXA8	215	0.179928
5	Q9NXA8	216	0.200324
5	Q9NXA8	217	0.392376
5	Q9NXA8	218	0.478788
5	Q9NXA8	219	0.322383
5	Q9NXA8	220	0.243658
5	Q9NXA8	221	0.386452
5	Q9NXA8	222	0.58089
5	Q9NXA8	223	0.491667
5	Q9NXA8	224	0.356711
5	Q9NXA8	225	0.271488
5	Q9NXA8	226	0.088021
5	Q9NXA8	227	0.182552
5	Q9NXA8	228	0.205464
5	Q9NXA8	229	0.08679
5	Q9NXA8	230	0.130358
5	Q9NXA8	231	0.313553
5	Q9NXA8	232	0.333231
5	Q9NXA8	233	0.063536
5	Q9NXA8	234	0.193451
5	Q9NXA8	235	0.196131
5	Q9NXA8	236	0.138935
5	Q9NXA8	237	0.042369
5	Q9NXA8	238	0.370682
5	Q9NXA8	239	0.358814
5	Q9NXA8	240	0.085676
5	Q9NXA8	241	0.075338
5	Q9NXA8	242	0.246423
5	Q9NXA8	243	0.038509
5	Q9NXA8	244	0.260676
5	Q9NXA8	245	0.279802
5	Q9NXA8	246	0.106858
5	Q9NXA8	247	0.23942
5	Q9NXA8	248	0.409116
5	Q9NXA8	249	0
5	Q9NXA8	250	0.090074
5	Q9NXA8	251	0
5	Q9NXA8	252	0.384299
5	Q9NXA8	253	0.211477
5	Q9NXA8	254	0.20101
5	Q9NXA8	255	0.266334
5	Q9NXA8	256	0.470676
5	Q9NXA8	257	0.32723
5	Q9NXA8	258	0.333986
5	Q9NXA8	259	0.392132
5	Q9NXA8	260	0.2018
5	Q9NXA8	261	0.361882
5	Q9NXA8	262	0.256485
5	Q9NXA8	263	0.135269
5	Q9NXA8	264	0.293359
5	Q9NXA8	265	0.226519
5	Q9NXA8	266	-9
5	Q9NXA8	267	-9
5	Q9NXA8	268	0.178092
5	Q9NXA8	269	0.178705
5	Q9NXA8	270	-9
5	Q9NXA8	271	0.320971
5	Q9NXA8	272	0.197161
5	Q9NXA8	273	0.603818
5	Q9NXA8	274	0.469912
5	Q9NXA8	275	-0.000583
5	Q9NXA8	276	0.390886
5	Q9NXA8	277	0.650722
5	Q9NXA8	278	0.100197
5	Q9NXA8	279	0.199081
5	Q9NXA8	280	0.398586
5	Q9NXA8	281	0.263229
5	Q9NXA8	282	0.408794
5	Q9NXA8	283	0.082743
5	Q9NXA8	284	0.215266
5	Q9NXA8	285	-9
5	Q9NXA8	286	0.232477
5	Q9NXA8	287	0.331167
5	Q9NXA8	288	0.295863
5	Q9NXA8	289	0.343061
5	Q9NXA8	290	0.435594
5	Q9NXA8	291	0.204933
5	Q9NXA8	292	0.25612
5	Q9NXA8	293	0.148369
5	Q9NXA8	294	0.351351
5	Q9NXA8	295	0.109951
5	Q9NXA8	296	0.271229
5	Q9NXA8	297	0.243706
5	Q9NXA8	298	0.225455
5	Q9NXA8	299	0.0582
5	Q9NXA8	300	0.264075
5	Q9NXA8	301	0.354529
5	Q9NXA8	302	0.108064
5	Q9NXA8	303	0.097498
5	Q9NXA8	304	0.248596
5	Q9NXA8	305	0.281835
5	Q9NXA8	306	-9
5	Q9NXA8	307	-9
5	Q9NXA8	308	-9
5	Q9NXA8	309	-9
5	Q9NXA8	310	-9
6	Q8N6T7	1	0.008696
6	Q8N6T7	2	0.064761
6	Q8N6T7	3	-9
6	Q8N6T7	4	-9
6	Q8N6T7	5	-9
6	Q8N6T7	6	-9
6	Q8N6T7	7	-9
6	Q8N6T7	8	-9
6	Q8N6T7	9	-9
6	Q8N6T7	10	-9
6	Q8N6T7	11	-9
6	Q8N6T7	12	-9
6	Q8N6T7	13	-9
6	Q8N6T7	14	-9
6	Q8N6T7	15	-9
6	Q8N6T7	16	-9
6	Q8N6T7	17	-9
6	Q8N6T7	18	-9
6	Q8N6T7	19	-9
6	Q8N6T7	20	-9
6	Q8N6T7	21	-9
6	Q8N6T7	22	-9
6	Q8N6T7	23	0.156213
6	Q8N6T7	24	0.177
6	Q8N6T7	25	0.224997
6	Q8N6T7	26	0.066086
6	Q8N6T7	27	0.188504
6	Q8N6T7	28	0.247134
6	Q8N6T7	29	0.164023
6	Q8N6T7	30	0.252198
6	Q8N6T7	31	0.189322
6	Q8N6T7	32	0.183202
6	Q8N6T7	33	0.336511
6	Q8N6T7	34	0.149761
6	Q8N6T7	35	0.230574
6	Q8N6T7	36	0.215853
6	Q8N6T7	37	0.371445
6	Q8N6T7	38	0.260383
6	Q8N6T7	39	0.059342
6	Q8N6T7	40	0.147417
6	Q8N6T7	41	0.164846
6	Q8N6T7	42	0.16876
6	Q8N6T7	43	0.130035
6	Q8N6T7	44	0.183238
6	Q8N6T7	45	0.039859
6	Q8N6T7	46	0.165993
6	Q8N6T7	47	0.238504
6	Q8N6T7	48	0.253907
6	Q8N6T7	49	0.110368
6	Q8N6T7	50	0.194609
6	Q8N6T7	51	0.090116
6	Q8N6T7	52	0
6	Q8N6T7	53	0
6	Q8N6T7	54	0
6	Q8N6T7	55	0.132509
6	Q8N6T7	56	0
6	Q8N6T7	57	0.493077
6	Q8N6T7	58	0.389726
6	Q8N6T7	59	0.206791
6	Q8N6T7	60	0.04577
6	Q8N6T7	61	0.218753
6	Q8N6T7	62	-0.00098
6	Q8N6T7	63	0.462949
6	Q8N6T7	64	0.389942
6	Q8N6T7	65	0
6	Q8N6T7	66	0.457597
6	Q8N6T7	67	0.190362
6	Q8N6T7	68	0.148583
6	Q8N6T7	69	-0.001953
6	Q8N6T7	70	0.267455
6	Q8N6T7	71	0.588846
6	Q8N6T7	72	-9
6	Q8N6T7	73	-9
6	Q8N6T7	74	-9
6	Q8N6T7	75	-9
6	Q8N6T7	76	-9
6	Q8N6T7	77	-9
6	Q8N6T7	78	0.21109
6	Q8N6T7	79	0.273827
6	Q8N6T7	80	-9
6	Q8N6T7	81	0.201896
6	Q8N6T7	82	0.256604
6	Q8N6T7	83	0.129054
6	Q8N6T7	84	0.329306
6	Q8N6T7	85	0.422249
6	Q8N6T7	86	0.385791
6	Q8N6T7	87	0.340352
6	Q8N6T7	88	0.09147
6	Q8N6T7	89	0.25107
6	Q8N6T7	90	-9
6	Q8N6T7	91	0.018682
6	Q8N6T7	92	0.408953
6	Q8N6T7	93	0.100703
6	Q8N6T7	94	0.30711
6	Q8N6T7	95	0
6	Q8N6T7	96	0.250335
6	Q8N6T7	97	0.434489
6	Q8N6T7	98	0.140366
6	Q8N6T7	99	0.315155
6	Q8N6T7	100	0.152627
6	Q8N6T7	101	0.267974
6	Q8N6T7	102	0.120786
6	Q8N6T7	103	0.138758
6	Q8N6T7	104	0.287117
6	Q8N6T7	105	0.009
6	Q8N6T7	106	0.132055
6	Q8N6T7	107	0.215457
6	Q8N6T7	108	0.346256
6	Q8N6T7	109	0.396921
6	Q8N6T7	110	0.225877
6	Q8N6T7	111	0.303363
6	Q8N6T7	112	0.325653
6	Q8N6T7	113	0
6	Q8N6T7	114	0
6	Q8N6T7	115	0.374636
6	Q8N6T7	116	0
6	Q8N6T7	117	0.294496
6	Q8N6T7	118	0
6	Q8N6T7	119	0.396713
6	Q8N6T7	120	0.15035
6	Q8N6T7	121	0.181777
6	Q8N6T7	122	0.35362
6	Q8N6T7	123	-0.001637
6	Q8N6T7	124	-9
6	Q8N6T7	125	-9
6	Q8N6T7	126	-9
6	Q8N6T7	127	-9
6	Q8N6T7	128	0.1812
6	Q8N6T7	129	0.00294
6	Q8N6T7	130	0.310713
6	Q8N6T7	131	0.037229
6	Q8N6T7	132	0.343215
6	Q8N6T7	133	0
6	Q8N6T7	134	0
6	Q8N6T7	135	0.30519
6	Q8N6T7	136	0.479735
6	Q8N6T7	137	0.299231
6	Q8N6T7	138	0.277106
6	Q8N6T7	139	0.698097
6	Q8N6T7	140	0.279574
6	Q8N6T7	141	0
6	Q8N6T7	142	0.177242
6	Q8N6T7	143	0.020431
6	Q8N6T7	144	0.002632
6	Q8N6T7	145	0.15164
6	Q8N6T7	146	0.080092
6	Q8N6T7	147	0.280394
6	Q8N6T7	148	0.247526
6	Q8N6T7	149	-9
6	Q8N6T7	150	-9
6	Q8N6T7	151	-9
6	Q8N6T7	152	-9
6	Q8N6T7	153	-9
6	Q8N6T7	154	-9
6	Q8N6T7	155	-9
6	Q8N6T7	156	-9
6	Q8N6T7	157	-9
6	Q8N6T7	158	-9
6	Q8N6T7	159	-9
6	Q8N6T7	160	-9
6	Q8N6T7	161	-9
6	Q8N6T7	162	-9
6	Q8N6T7	163	0.275466
6	Q8N6T7	164	0.378551
6	Q8N6T7	165	0.154312
6	Q8N6T7	166	0
6	Q8N6T7	167	0.080983
6	Q8N6T7	168	0.064348
6	Q8N6T7	169	-9
6	Q8N6T7	170	-9
6	Q8N6T7	171	-9
6	Q8N6T7	172	-9
6	Q8N6T7	173	-9
6	Q8N6T7	174	-9
6	Q8N6T7	175	-9
6	Q8N6T7	176	-9
6	Q8N6T7	177	0
6	Q8N6T7	178	0.080082
6	Q8N6T7	179	0.075145
6	Q8N6T7	180	0.179928
6	Q8N6T7	181	0.200324
6	Q8N6T7	182	0.392376
6	Q8N6T7	183	0.478788
6	Q8N6T7	184	0.322383
6	Q8N6T7	185	0.243658
6	Q8N6T7	186	0.386452
6	Q8N6T7	187	0.58089
6	Q8N6T7	188	0.491667
6	Q8N6T7	189	0.356711
6	Q8N6T7	190	0.271488
6	Q8N6T7	191	0.088021
6	Q8N6T7	192	0.182552
6	Q8N6T7	193	0.205464
6	Q8N6T7	194	0.08679
6	Q8N6T7	195	0.130358
6	Q8N6T7	196	0.313553
6	Q8N6T7	197	0.333231
6	Q8N6T7	198	0.063536
6	Q8N6T7	199	0.193451
6	Q8N6T7	200	0.196131
6	Q8N6T7	201	0.138935
6	Q8N6T7	202	0.042369
6	Q8N6T7	203	0.370682
6	Q8N6T7	204	0.358814
6	Q8N6T7	205	0.085676
6	Q8N6T7	206	0.075338
6	Q8N6T7	207	0.246423
6	Q8N6T7	208	0.038509
6	Q8N6T7	209	0.260676
6	Q8N6T7	210	0.279802
6	Q8N6T7	211	0.106858
6	Q8N6T7	212	0.23942
6	Q8N6T7	213	0.409116
6	Q8N6T7	214	0
6	Q8N6T7	215	0.090074
6	Q8N6T7	216	0
6	Q8N6T7	217	0.384299
6	Q8N6T7	218	0.211477
6	Q8N6T7	219	0.20101
6	Q8N6T7	220	0.266334
6	Q8N6T7	221	0.470676
6	Q8N6T7	222	0.32723
6	Q8N6T7	223	0.333986
6	Q8N6T7	224	0.392132
6	Q8N6T7	225	0.2018
6	Q8N6T7	226	0.361882
6	Q8N6T7	227	0.256485
6	Q8N6T7	228	0.135269
6	Q8N6T7	229	0.293359
6	Q8N6T7	230	0.226519
6	Q8N6T7	231	-9
6	Q8N6T7	232	-9
6	Q8N6T7	233	-9
6	Q8N6T7	234	0.178092
6	Q8N6T7	235	0.178705
6	Q8N6T7	236	0.320971
6	Q8N6T7	237	0.197161
6	Q8N6T7	238	0.603818
6	Q8N6T7	239	0.469912
6	Q8N6T7	240	-0.000583
6	Q8N6T7	241	0.390886
6	Q8N6T7	242	0.650722
6	Q8N6T7	243	0.100197
6	Q8N6T7	244	0.199081
6	Q8N6T7	245	0.398586
6	Q8N6T7	246	0.263229
6	Q8N6T7	247	0.408794
6	Q8N6T7	248	0.082743
6	Q8N6T7	249	0.215266
6	Q8N6T7	250	-9
6	Q8N6T7	251	0.232477
6	Q8N6T7	252	0.331167
6	Q8N6T7	253	0.295863
6	Q8N6T7	254	0.343061
6	Q8N6T7	255	0.435594
6	Q8N6T7	256	0.204933
6	Q8N6T7	257	0.25612
6	Q8N6T7	258	0.148369
6	Q8N6T7	259	0.351351
6	Q8N6T7	260	0.109951
6	Q8N6T7	261	0.271229
6	Q8N6T7	262	0.243706
6	Q8N6T7	263	0.225455
6	Q8N6T7	264	0.0582
6	Q8N6T7	265	0.264075
6	Q8N6T7	266	0.354529
6	Q8N6T7	267	0.108064
6	Q8N6T7	268	0.097498
6	Q8N6T7	269	0.248596
6	Q8N6T7	270	0.281835
6	Q8N6T7	271	-9
6	Q8N6T7	272	-9
6	Q8N6T7	273	-9
6	Q8N6T7	274	-9
6	Q8N6T7	275	-9
6	Q8N6T7	276	-9
6	Q8N6T7	277	-9
6	Q8N6T7	278	-9
6	Q8N6T7	279	-9
6	Q8N6T7	280	-9
6	Q8N6T7	281	-9
6	Q8N6T7	282	-9
6	Q8N6T7	283	-9
6	Q8N6T7	284	-9
6	Q8N6T7	285	-9
6	Q8N6T7	286	-9
6	Q8N6T7	287	-9
6	Q8N6T7	288	-9
6	Q8N6T7	289	-9
6	Q8N6T7	290	-9
6	Q8N6T7	291	-9
6	Q8N6T7	292	-9
6	Q8N6T7	293	-9
6	Q8N6T7	294	-9
6	Q8N6T7	295	-9
6	Q8N6T7	296	-9
6	Q8N6T7	297	-9
6	Q8N6T7	298	-9
6	Q8N6T7	299	-9
6	Q8N6T7	300	-9
6	Q8N6T7	301	-9
6	Q8N6T7	302	-9
6	Q8N6T7	303	-9
6	Q8N6T7	304	-9
6	Q8N6T7	305	-9
6	Q8N6T7	306	-9
6	Q8N6T7	307	-9
6	Q8N6T7	308	-9
6	Q8N6T7	309	-9
6	Q8N6T7	310	-9
6	Q8N6T7	311	-9
6	Q8N6T7	312	-9
6	Q8N6T7	313	-9
6	Q8N6T7	314	-9
6	Q8N6T7	315	-9
6	Q8N6T7	316	-9
6	Q8N6T7	317	-9
6	Q8N6T7	318	-9
6	Q8N6T7	319	-9
6	Q8N6T7	320	-9
6	Q8N6T7	321	-9
6	Q8N6T7	322	-9
6	Q8N6T7	323	-9
6	Q8N6T7	324	-9
6	Q8N6T7	325	-9
6	Q8N6T7	326	-9
6	Q8N6T7	327	-9
6	Q8N6T7	328	-9
6	Q8N6T7	329	-9
6	Q8N6T7	330	-9
6	Q8N6T7	331	-9
6	Q8N6T7	332	-9
6	Q8N6T7	333	-9
6	Q8N6T7	334	-9
6	Q8N6T7	335	-9
6	Q8N6T7	336	-9
6	Q8N6T7	337	-9
6	Q8N6T7	338	-9
6	Q8N6T7	339	-9
6	Q8N6T7	340	-9
6	Q8N6T7	341	-9
6	Q8N6T7	342	-9
6	Q8N6T7	343	-9
6	Q8N6T7	344	-9
6	Q8N6T7	345	-9
6	Q8N6T7	346	-9
6	Q8N6T7	347	-9
6	Q8N6T7	348	-9
6	Q8N6T7	349	-9
6	Q8N6T7	350	-9
6	Q8N6T7	351	-9
6	Q8N6T7	352	-9
6	Q8N6T7	353	-9
6	Q8N6T7	354	-9
6	Q8N6T7	355	-9
6	Q8N6T7	356	-9
6	Q8N6T7	357	-9
6	Q8N6T7	358	-9
6	Q8N6T7	359	-9
6	Q8N6T7	360	-9
6	Q8N6T7	361	-9
6	Q8N6T7	362	-9
6	Q8N6T7	363	-9
6	Q8N6T7	364	-9
6	Q8N6T7	365	-9
6	Q8N6T7	366	-9
6	Q8N6T7	367	-9
6	Q8N6T7	368	-9
6	Q8N6T7	369	-9
6	Q8N6T7	370	-9
6	Q8N6T7	371	-9
6	Q8N6T7	372	-9
6	Q8N6T7	373	-9
6	Q8N6T7	374	-9
6	Q8N6T7	375	-9
6	Q8N6T7	376	-9
6	Q8N6T7	377	-9
6	Q8N6T7	378	-9
6	Q8N6T7	379	-9
6	Q8N6T7	380	-9
6	Q8N6T7	381	-9
6	Q8N6T7	382	-9
6	Q8N6T7	383	-9
6	Q8N6T7	384	-9
6	Q8N6T7	385	-9
6	Q8N6T7	386	-9
6	Q8N6T7	387	-9
6	Q8N6T7	388	-9
6	Q8N6T7	389	-9
6	Q8N6T7	390	-9
6	Q8N6T7	391	-9
6	Q8N6T7	392	-9
6	Q8N6T7	393	-9
6	Q8N6T7	394	-9
6	Q8N6T7	395	-9
6	Q8N6T7	396	-9
6	Q8N6T7	397	-9
6	Q8N6T7	398	-9
6	Q8N6T7	399	-9
6	Q8N6T7	400	-9
6	Q8N6T7	401	-9
6	Q8N6T7	402	-9
6	Q8N6T7	403	-9
6	Q8N6T7	404	-9
6	Q8N6T7	405	-9
6	Q8N6T7	406	-9
6	Q8N6T7	407	-9
6	Q8N6T7	408	-9
6	Q8N6T7	409	-9
6	Q8N6T7	410	-9
6	Q8N6T7	411	-9
6	Q8N6T7	412	-9
6	Q8N6T7	413	-9
6	Q8N6T7	414	-9
6	Q8N6T7	415	-9
6	Q8N6T7	416	-9
6	Q8N6T7	417	-9
6	Q8N6T7	418	-9
6	Q8N6T7	419	-9
6	Q8N6T7	420	-9
6	Q8N6T7	421	-9
6	Q8N6T7	422	-9
6	Q8N6T7	423	-9
6	Q8N6T7	424	-9
6	Q8N6T7	425	-9
6	Q8N6T7	426	-9
6	Q8N6T7	427	-9
6	Q8N6T7	428	-9
6	Q8N6T7	429	-9
6	Q8N6T7	430	-9
6	Q8N6T7	431	-9
6	Q8N6T7	432	-9
6	Q8N6T7	433	-9
6	Q8N6T7	434	-9
6	Q8N6T7	435	-9
6	Q8N6T7	436	-9
6	Q8N6T7	437	-9
6	Q8N6T7	438	-9
6	Q8N6T7	439	-9
6	Q8N6T7	440	-9
6	Q8N6T7	441	-9
6	Q8N6T7	442	-9
6	Q8N6T7	443	-9
6	Q8N6T7	444	-9
6	Q8N6T7	445	-9
6	Q8N6T7	446	-9
6	Q8N6T7	447	-9
6	Q8N6T7	448	-9
6	Q8N6T7	449	-9
6	Q8N6T7	450	-9
6	Q8N6T7	451	-9
6	Q8N6T7	452	-9
6	Q8N6T7	453	-9
6	Q8N6T7	454	-9
6	Q8N6T7	455	-9
6	Q8N6T7	456	-9
6	Q8N6T7	457	-9
6	Q8N6T7	458	-9
6	Q8N6T7	459	-9
6	Q8N6T7	460	-9
6	Q8N6T7	461	-9
6	Q8N6T7	462	-9
6	Q8N6T7	463	-9
6	Q8N6T7	464	-9
6	Q8N6T7	465	-9
6	Q8N6T7	466	-9
6	Q8N6T7	467	-9
6	Q8N6T7	468	-9
6	Q8N6T7	469	-9
6	Q8N6T7	470	-9
6	Q8N6T7	471	-9
6	Q8N6T7	472	-9
6	Q8N6T7	473	-9
6	Q8N6T7	474	-9
6	Q8N6T7	475	-9
6	Q8N6T7	476	-9
6	Q8N6T7	477	-9
6	Q8N6T7	478	-9
6	Q8N6T7	479	-9
6	Q8N6T7	480	-9
6	Q8N6T7	481	-9
6	Q8N6T7	482	-9
6	Q8N6T7	483	-9
6	Q8N6T7	484	-9
6	Q8N6T7	485	-9
6	Q8N6T7	486	-9
6	Q8N6T7	487	-9
6	Q8N6T7	488	-9
6	Q8N6T7	489	-9
6	Q8N6T7	490	-9
6	Q8N6T7	491	-9
6	Q8N6T7	492	-9
6	Q8N6T7	493	-9
6	Q8N6T7	494	-9
6	Q8N6T7	495	-9
6	Q8N6T7	496	-9
6	Q8N6T7	497	-9
6	Q8N6T7	498	-9
6	Q8N6T7	499	-9
6	Q8N6T7	500	-9
6	Q8N6T7	501	-9
6	Q8N6T7	502	-9
6	Q8N6T7	503	-9
6	Q8N6T7	504	-9
6	Q8N6T7	505	-9
6	Q8N6T7	506	-9
6	Q8N6T7	507	-9
6	Q8N6T7	508	-9
6	Q8N6T7	509	-9
6	Q8N6T7	510	-9
6	Q8N6T7	511	-9
6	Q8N6T7	512	-9
6	Q8N6T7	513	-9
6	Q8N6T7	514	-9
6	Q8N6T7	515	-9
6	Q8N6T7	516	-9
6	Q8N6T7	517	-9
6	Q8N6T7	518	-9
6	Q8N6T7	519	-9
6	Q8N6T7	520	-9
6	Q8N6T7	521	-9
6	Q8N6T7	522	-9
6	Q8N6T7	523	-9
6	Q8N6T7	524	-9
6	Q8N6T7	525	-9
6	Q8N6T7	526	-9
6	Q8N6T7	527	-9
6	Q8N6T7	528	-9
6	Q8N6T7	529	-9
6	Q8N6T7	530	-9
6	Q8N6T7	531	-9
6	Q8N6T7	532	-9
6	Q8N6T7	533	-9
6	Q8N6T7	534	-9
6	Q8N6T7	535	-9
6	Q8N6T7	536	-9
6	Q8N6T7	537	-9
6	Q8N6T7	538	-9
6	Q8N6T7	539	-9
6	Q8N6T7	540	-9
6	Q8N6T7	541	-9
6	Q8N6T7	542	-9
6	Q8N6T7	543	-9
6	Q8N6T7	544	-9
6	Q8N6T7	545	-9
6	Q8N6T7	546	-9
6	Q8N6T7	547	-9
6	Q8N6T7	548	-9
6	Q8N6T7	549	-9
6	Q8N6T7	550	-9
6	Q8N6T7	551	-9
6	Q8N6T7	552	-9
6	Q8N6T7	553	-9
6	Q8N6T7	554	-9
6	Q8N6T7	555	-9
6	Q8N6T7	556	-9
6	Q8N6T7	557	-9
6	Q8N6T7	558	-9
6	Q8N6T7	559	-9
6	Q8N6T7	560	-9
6	Q8N6T7	561	-9
6	Q8N6T7	562	-9
6	Q8N6T7	563	-9
6	Q8N6T7	564	-9
6	Q8N6T7	565	-9
6	Q8N6T7	566	-9
6	Q8N6T7	567	-9
6	Q8N6T7	568	-9
6	Q8N6T7	569	-9
6	Q8N6T7	570	-9
6	Q8N6T7	571	-9
6	Q8N6T7	572	-9
6	Q8N6T7	573	-9
6	Q8N6T7	574	-9
6	Q8N6T7	575	-9
6	Q8N6T7	576	-9
6	Q8N6T7	577	-9
6	Q8N6T7	578	-9
6	Q8N6T7	579	-9
6	Q8N6T7	580	-9
6	Q8N6T7	581	-9
6	Q8N6T7	582	-9
6	Q8N6T7	583	-9
6	Q8N6T7	584	-9
6	Q8N6T7	585	-9
6	Q8N6T7	586	-9
6	Q8N6T7	587	-9
6	Q8N6T7	588	-9
6	Q8N6T7	589	-9
6	Q8N6T7	590	-9
6	Q8N6T7	591	-9
6	Q8N6T7	592	-9
6	Q8N6T7	593	-9
6	Q8N6T7	594	-9
6	Q8N6T7	595	-9
6	Q8N6T7	596	-9
6	Q8N6T7	597	-9
6	Q8N6T7	598	-9
6	Q8N6T7	599	-9
6	Q8N6T7	600	-9
6	Q8N6T7	601	-9
6	Q8N6T7	602	-9
6	Q8N6T7	603	-9
6	Q8N6T7	604	-9
6	Q8N6T7	605	-9
6	Q8N6T7	606	-9
6	Q8N6T7	607	-9
6	Q8N6T7	608	-9
6	Q8N6T7	609	-9
6	Q8N6T7	610	-9
6	Q8N6T7	611	-9
6	Q8N6T7	612	-9
6	Q8N6T7	613	-9
6	Q8N6T7	614	-9
6	Q8N6T7	615	-9
6	Q8N6T7	616	-9
6	Q8N6T7	617	-9
6	Q8N6T7	618	-9
6	Q8N6T7	619	-9
6	Q8N6T7	620	-9
6	Q8N6T7	621	-9
6	Q8N6T7	622	-9
6	Q8N6T7	623	-9
6	Q8N6T7	624	-9
6	Q8N6T7	625	-9
6	Q8N6T7	626	-9
6	Q8N6T7	627	-9
6	Q8N6T7	628	-9
6	Q8N6T7	629	-9
6	Q8N6T7	630	-9
6	Q8N6T7	631	-9
6	Q8N6T7	632	-9
6	Q8N6T7	633	-9
6	Q8N6T7	634	-9
6	Q8N6T7	635	-9
6	Q8N6T7	636	-9
6	Q8N6T7	637	-9
6	Q8N6T7	638	-9
6	Q8N6T7	639	-9
6	Q8N6T7	640	-9
6	Q8N6T7	641	-9
6	Q8N6T7	642	-9
6	Q8N6T7	643	-9
6	Q8N6T7	644	-9
6	Q8N6T7	645	-9
6	Q8N6T7	646	-9
6	Q8N6T7	647	-9
6	Q8N6T7	648	-9
6	Q8N6T7	649	-9
6	Q8N6T7	650	-9
6	Q8N6T7	651	-9
6	Q8N6T7	652	-9
6	Q8N6T7	653	-9
6	Q8N6T7	654	-9
6	Q8N6T7	655	-9
6	Q8N6T7	656	-9
6	Q8N6T7	657	-9
6	Q8N6T7	658	-9
6	Q8N6T7	659	-9
6	Q8N6T7	660	-9
6	Q8N6T7	661	-9
6	Q8N6T7	662	-9
6	Q8N6T7	663	-9
6	Q8N6T7	664	-9
6	Q8N6T7	665	-9
6	Q8N6T7	666	-9
6	Q8N6T7	667	-9
6	Q8N6T7	668	-9
6	Q8N6T7	669	-9
6	Q8N6T7	670	-9
6	Q8N6T7	671	-9
6	Q8N6T7	672	-9
6	Q8N6T7	673	-9
6	Q8N6T7	674	-9
6	Q8N6T7	675	-9
6	Q8N6T7	676	-9
6	Q8N6T7	677	-9
6	Q8N6T7	678	-9
6	Q8N6T7	679	-9
6	Q8N6T7	680	-9
6	Q8N6T7	681	-9
6	Q8N6T7	682	-9
6	Q8N6T7	683	-9
6	Q8N6T7	684	-9
6	Q8N6T7	685	-9
6	Q8N6T7	686	-9
6	Q8N6T7	687	-9
6	Q8N6T7	688	-9
6	Q8N6T7	689	-9
6	Q8N6T7	690	-9
6	Q8N6T7	691	-9
6	Q8N6T7	692	-9
6	Q8N6T7	693	-9
6	Q8N6T7	694	-9
6	Q8N6T7	695	-9
6	Q8N6T7	696	-9
6	Q8N6T7	697	-9
6	Q8N6T7	698	-9
6	Q8N6T7	699	-9
6	Q8N6T7	700	-9
6	Q8N6T7	701	-9
6	Q8N6T7	702	-9
6	Q8N6T7	703	-9
6	Q8N6T7	704	-9
6	Q8N6T7	705	-9
6	Q8N6T7	706	-9
6	Q8N6T7	707	-9
6	Q8N6T7	708	-9
6	Q8N6T7	709	-9
6	Q8N6T7	710	-9
7	Q9NRC8	1	0.008696
7	Q9NRC8	2	0.064761
7	Q9NRC8	3	-9
7	Q9NRC8	4	-9
7	Q9NRC8	5	-9
7	Q9NRC8	6	-9
7	Q9NRC8	7	-9
7	Q9NRC8	8	-9
7	Q9NRC8	9	-9
7	Q9NRC8	10	-9
7	Q9NRC8	11	-9
7	Q9NRC8	12	-9
7	Q9NRC8	13	-9
7	Q9NRC8	14	-9
7	Q9NRC8	15	-9
7	Q9NRC8	16	-9
7	Q9NRC8	17	-9
7	Q9NRC8	18	-9
7	Q9NRC8	19	-9
7	Q9NRC8	20	-9
7	Q9NRC8	21	-9
7	Q9NRC8	22	-9
7	Q9NRC8	23	-9
7	Q9NRC8	24	-9
7	Q9NRC8	25	-9
7	Q9NRC8	26	-9
7	Q9NRC8	27	-9
7	Q9NRC8	28	-9
7	Q9NRC8	29	-9
7	Q9NRC8	30	-9
7	Q9NRC8	31	-9
7	Q9NRC8	32	-9
7	Q9NRC8	33	-9
7	Q9NRC8	34	-9
7	Q9NRC8	35	-9
7	Q9NRC8	36	-9
7	Q9NRC8	37	-9
7	Q9NRC8	38	-9
7	Q9NRC8	39	-9
7	Q9NRC8	40	-9
7	Q9NRC8	41	-9
7	Q9NRC8	42	-9
7	Q9NRC8	43	-9
7	Q9NRC8	44	-9
7	Q9NRC8	45	-9
7	Q9NRC8	46	-9
7	Q9NRC8	47	-9
7	Q9NRC8	48	-9
7	Q9NRC8	49	-9
7	Q9NRC8	50	-9
7	Q9NRC8	51	-9
7	Q9NRC8	52	-9
7	Q9NRC8	53	-9
7	Q9NRC8	54	-9
7	Q9NRC8	55	-9
7	Q9NRC8	56	-9
7	Q9NRC8	57	-9
7	Q9NRC8	58	-9
7	Q9NRC8	59	-9
7	Q9NRC8	60	-9
7	Q9NRC8	61	-9
7	Q9NRC8	62	-9
7	Q9NRC8	63	-9
7	Q9NRC8	64	-9
7	Q9NRC8	65	-9
7	Q9NRC8	66	-9
7	Q9NRC8	67	-9
7	Q9NRC8	68	-9
7	Q9NRC8	69	-9
7	Q9NRC8	70	-9
7	Q9NRC8	71	-9
7	Q9NRC8	72	-9
7	Q9NRC8	73	-9
7	Q9NRC8	74	-9
7	Q9NRC8	75	-9
7	Q9NRC8	76	-9
7	Q9NRC8	77	-9
7	Q9NRC8	78	0.156213
7	Q9NRC8	79	0.177
7	Q9NRC8	80	0.224997
7	Q9NRC8	81	0.066086
7	Q9NRC8	82	0.188504
7	Q9NRC8	83	0.247134
7	Q9NRC8	84	0.164023
7	Q9NRC8	85	0.252198
7	Q9NRC8	86	0.189322
7	Q9NRC8	87	0.183202
7	Q9NRC8	88	0.336511
7	Q9NRC8	89	0.149761
7	Q9NRC8	90	0.230574
7	Q9NRC8	91	0.215853
7	Q9NRC8	92	0.371445
7	Q9NRC8	93	0.260383
7	Q9NRC8	94	0.059342
7	Q9NRC8	95	0.147417
7	Q9NRC8	96	0.164846
7	Q9NRC8	97	0.16876
7	Q9NRC8	98	0.130035
7	Q9NRC8	99	0.183238
7	Q9NRC8	100	0.039859
7	Q9NRC8	101	0.165993
7	Q9NRC8	102	0.238504
7	Q9NRC8	103	0.253907
7	Q9NRC8	104	0.110368
7	Q9NRC8	105	0.194609
7	Q9NRC8	106	0.090116
7	Q9NRC8	107	0
7	Q9NRC8	108	0
7	Q9NRC8	109	0
7	Q9NRC8	110	0.132509
7	Q9NRC8	111	0
7	Q9NRC8	112	0.493077
7	Q9NRC8	113	0.389726
7	Q9NRC8	114	0.206791
7	Q9NRC8	115	0.04577
7	Q9NRC8	116	0.218753
7	Q9NRC8	117	-0.00098
7	Q9NRC8	118	0.462949
7	Q9NRC8	119	0.389942
7	Q9NRC8	120	0
7	Q9NRC8	121	0.457597
7	Q9NRC8	122	0.190362
7	Q9NRC8	123	0.148583
7	Q9NRC8	124	-0.001953
7	Q9NRC8	125	0.267455
7	Q9NRC8	126	0.588846
7	Q9NRC8	127	-9
7	Q9NRC8	128	-9
7	Q9NRC8	129	-9
7	Q9NRC8	130	-9
7	Q9NRC8	131	-9
7	Q9NRC8	132	-9
7	Q9NRC8	133	0.21109
7	Q9NRC8	134	0.273827
7	Q9NRC8	135	0.242161
7	Q9NRC8	136	-9
7	Q9NRC8	137	0.201896
7	Q9NRC8	138	0.256604
7	Q9NRC8	139	0.129054
7	Q9NRC8	140	0.329306
7	Q9NRC8	141	0.422249
7	Q9NRC8	142	0.09147
7	Q9NRC8	143	0.25107
7	Q9NRC8	144	-9
7	Q9NRC8	145	0.018682
7	Q9NRC8	146	0.408953
7	Q9NRC8	147	0.100703
7	Q9NRC8	148	0.30711
7	Q9NRC8	149	0
7	Q9NRC8	150	0.250335
7	Q9NRC8	151	0.434489
7	Q9NRC8	152	0.140366
7	Q9NRC8	153	0.315155
7	Q9NRC8	154	0.152627
7	Q9NRC8	155	0.267974
7	Q9NRC8	156	0.120786
7	Q9NRC8	157	0.138758
7	Q9NRC8	158	0.287117
7	Q9NRC8	159	0.009
7	Q9NRC8	160	0.132055
7	Q9NRC8	161	0.215457
7	Q9NRC8	162	0.346256
7	Q9NRC8	163	0.396921
7	Q9NRC8	164	0.225877
7	Q9NRC8	165	0.303363
7	Q9NRC8	166	0.325653
7	Q9NRC8	167	0
7	Q9NRC8	168	0
7	Q9NRC8	169	0.374636
7	Q9NRC8	170	0
7	Q9NRC8	171	0.294496
7	Q9NRC8	172	0
7	Q9NRC8	173	0.396713
7	Q9NRC8	174	0.15035
7	Q9NRC8	175	0.181777
7	Q9NRC8	176	0.35362
7	Q9NRC8	177	-0.001637
7	Q9NRC8	178	-9
7	Q9NRC8	179	-9
7	Q9NRC8	180	-9
7	Q9NRC8	181	-9
7	Q9NRC8	182	0.1812
7	Q9NRC8	183	0.00294
7	Q9NRC8	184	0.310713
7	Q9NRC8	185	0.037229
7	Q9NRC8	186	0.343215
7	Q9NRC8	187	0
7	Q9NRC8	188	0
7	Q9NRC8	189	0.30519
7	Q9NRC8	190	0.479735
7	Q9NRC8	191	0.299231
7	Q9NRC8	192	0.277106
7	Q9NRC8	193	0.698097
7	Q9NRC8	194	0.279574
7	Q9NRC8	195	0
7	Q9NRC8	196	0.177242
7	Q9NRC8	197	0.020431
7	Q9NRC8	198	0.002632
7	Q9NRC8	199	-9
7	Q9NRC8	200	-9
7	Q9NRC8	201	0.15164
7	Q9NRC8	202	0.080092
7	Q9NRC8	203	0.280394
7	Q9NRC8	204	0.247526
7	Q9NRC8	205	-9
7	Q9NRC8	206	-9
7	Q9NRC8	207	-9
7	Q9NRC8	208	-9
7	Q9NRC8	209	-9
7	Q9NRC8	210	-9
7	Q9NRC8	211	-9
7	Q9NRC8	212	-9
7	Q9NRC8	213	-9
7	Q9NRC8	214	-9
7	Q9NRC8	215	-9
7	Q9NRC8	216	-9
7	Q9NRC8	217	-9
7	Q9NRC8	218	-9
7	Q9NRC8	219	-9
7	Q9NRC8	220	-9
7	Q9NRC8	221	-9
7	Q9NRC8	222	0.275466
7	Q9NRC8	223	0.378551
7	Q9NRC8	224	0.154312
7	Q9NRC8	225	0
7	Q9NRC8	226	0.080983
7	Q9NRC8	227	0.064348
7	Q9NRC8	228	0
7	Q9NRC8	229	0.080082
7	Q9NRC8	230	0.075145
7	Q9NRC8	231	0.179928
7	Q9NRC8	232	0.200324
7	Q9NRC8	233	0.392376
7	Q9NRC8	234	0.478788
7	Q9NRC8	235	0.322383
7	Q9NRC8	236	0.243658
7	Q9NRC8	237	-9
7	Q9NRC8	238	-9
7	Q9NRC8	239	-9
7	Q9NRC8	240	-9
7	Q9NRC8	241	-9
7	Q9NRC8	242	-9
7	Q9NRC8	243	-9
7	Q9NRC8	244	-9
7	Q9NRC8	245	-9
7	Q9NRC8	246	-9
7	Q9NRC8	247	-9
7	Q9NRC8	248	-9
7	Q9NRC8	249	0.386452
7	Q9NRC8	250	0.58089
7	Q9NRC8	251	0.491667
7	Q9NRC8	252	0.356711
7	Q9NRC8	253	0.193451
7	Q9NRC8	254	0.196131
7	Q9NRC8	255	0.138935
7	Q9NRC8	256	0.042369
7	Q9NRC8	257	0.370682
7	Q9NRC8	258	0.358814
7	Q9NRC8	259	0.085676
7	Q9NRC8	260	0.075338
7	Q9NRC8	261	0.246423
7	Q9NRC8	262	0.038509
7	Q9NRC8	263	0.260676
7	Q9NRC8	264	0.279802
7	Q9NRC8	265	0.106858
7	Q9NRC8	266	0.23942
7	Q9NRC8	267	0.409116
7	Q9NRC8	268	0
7	Q9NRC8	269	0.090074
7	Q9NRC8	270	0
7	Q9NRC8	271	0.384299
7	Q9NRC8	272	0.211477
7	Q9NRC8	273	0.20101
7	Q9NRC8	274	0.266334
7	Q9NRC8	275	-9
7	Q9NRC8	276	-9
7	Q9NRC8	277	-9
7	Q9NRC8	278	-9
7	Q9NRC8	279	-9
7	Q9NRC8	280	-9
7	Q9NRC8	281	-9
7	Q9NRC8	282	-9
7	Q9NRC8	283	-9
7	Q9NRC8	284	-9
7	Q9NRC8	285	-9
7	Q9NRC8	286	0.470676
7	Q9NRC8	287	0.32723
7	Q9NRC8	288	0.333986
7	Q9NRC8	289	0.392132
7	Q9NRC8	290	0.2018
7	Q9NRC8	291	0.361882
7	Q9NRC8	292	0.256485
7	Q9NRC8	293	0.320971
7	Q9NRC8	294	0.197161
7	Q9NRC8	295	0.603818
7	Q9NRC8	296	0.469912
7	Q9NRC8	297	-0.000583
7	Q9NRC8	298	0.390886
7	Q9NRC8	299	0.650722
7	Q9NRC8	300	0.100197
7	Q9NRC8	301	0.199081
7	Q9NRC8	302	0.398586
7	Q9NRC8	303	0.263229
7	Q9NRC8	304	0.408794
7	Q9NRC8	305	0.082743
7	Q9NRC8	306	0.215266
7	Q9NRC8	307	-9
7	Q9NRC8	308	0.232477
7	Q9NRC8	309	0.331167
7	Q9NRC8	310	0.295863
7	Q9NRC8	311	0.343061
7	Q9NRC8	312	0.435594
7	Q9NRC8	313	0.204933
7	Q9NRC8	314	0.25612
7	Q9NRC8	315	0.148369
7	Q9NRC8	316	0.351351
7	Q9NRC8	317	0.109951
7	Q9NRC8	318	0.271229
7	Q9NRC8	319	0.243706
7	Q9NRC8	320	0.225455
7	Q9NRC8	321	0.0582
7	Q9NRC8	322	0.264075
7	Q9NRC8	323	0.354529
7	Q9NRC8	324	0.108064
7	Q9NRC8	325	0.097498
7	Q9NRC8	326	0.248596
7	Q9NRC8	327	0.281835
7	Q9NRC8	328	-9
7	Q9NRC8	329	-9
7	Q9NRC8	330	-9
7	Q9NRC8	331	-9
7	Q9NRC8	332	-9
7	Q9NRC8	333	-9
7	Q9NRC8	334	-9
7	Q9NRC8	335	-9
7	Q9NRC8	336	-9
7	Q9NRC8	337	-9
7	Q9NRC8	338	-9
7	Q9NRC8	339	-9
7	Q9NRC8	340	-9
7	Q9NRC8	341	-9
7	Q9NRC8	342	-9
7	Q9NRC8	343	-9
7	Q9NRC8	344	-9
7	Q9NRC8	345	-9
7	Q9NRC8	346	-9
7	Q9NRC8	347	-9
7	Q9NRC8	348	-9
7	Q9NRC8	349	-9
7	Q9NRC8	350	-9
7	Q9NRC8	351	-9
7	Q9NRC8	352	-9
7	Q9NRC8	353	-9
7	Q9NRC8	354	-9
7	Q9NRC8	355	-9
7	Q9NRC8	356	-9
7	Q9NRC8	357	-9
7	Q9NRC8	358	-9
7	Q9NRC8	359	-9
7	Q9NRC8	360	-9
7	Q9NRC8	361	-9
7	Q9NRC8	362	-9
7	Q9NRC8	363	-9
7	Q9NRC8	364	-9
7	Q9NRC8	365	-9
7	Q9NRC8	366	-9
7	Q9NRC8	367	-9
7	Q9NRC8	368	-9
7	Q9NRC8	369	-9
7	Q9NRC8	370	-9
7	Q9NRC8	371	-9
7	Q9NRC8	372	-9
7	Q9NRC8	373	-9
7	Q9NRC8	374	-9
7	Q9NRC8	375	-9
7	Q9NRC8	376	-9
7	Q9NRC8	377	-9
7	Q9NRC8	378	-9
7	Q9NRC8	379	-9
7	Q9NRC8	380	-9
7	Q9NRC8	381	-9
7	Q9NRC8	382	-9
7	Q9NRC8	383	-9
7	Q9NRC8	384	-9
7	Q9NRC8	385	-9
7	Q9NRC8	386	-9
7	Q9NRC8	387	-9
7	Q9NRC8	388	-9
7	Q9NRC8	389	-9
7	Q9NRC8	390	-9
7	Q9NRC8	391	-9
7	Q9NRC8	392	-9
7	Q9NRC8	393	-9
7	Q9NRC8	394	-9
7	Q9NRC8	395	-9
7	Q9NRC8	396	-9
7	Q9NRC8	397	-9
7	Q9NRC8	398	-9
7	Q9NRC8	399	-9
7	Q9NRC8	400	-9
